word,total,POSITIVE,NEGATIVE,proportion
americans,46,16,30,0.34782608695652173
rock,1,1,0,1.0
sir,18,13,5,0.7222222222222222
president,190,103,87,0.5421052631578948
one,51,6,45,0.11764705882352941
forever,6,5,1,0.8333333333333334
make,50,15,35,0.3
loved,4,3,1,0.75
greatest,5,4,1,0.8
let,22,9,13,0.4090909090909091
remembered,3,3,0,1.0
america,116,48,68,0.41379310344827586
ever,47,19,28,0.40425531914893614
great,62,42,20,0.6774193548387096
strong,11,9,2,0.8181818181818182
political,12,4,8,0.3333333333333333
biden,238,83,155,0.3487394957983193
vice,2,2,0,1.0
system,13,5,8,0.38461538461538464
best,41,36,5,0.8780487804878049
publicly,2,1,1,0.5
grateful,3,3,0,1.0
leadership,15,13,2,0.8666666666666667
time,55,14,41,0.2545454545454545
everyone,16,6,10,0.375
difficult,4,3,1,0.75
declare,9,1,8,0.1111111111111111
behalf,4,3,1,0.75
forward,4,4,0,1.0
praise,21,3,18,0.14285714285714285
perseverance,2,2,0,1.0
wisdom,3,2,1,0.6666666666666666
sincerely,3,3,0,1.0
would,49,9,40,0.1836734693877551
commitment,6,6,0,1.0
country,73,20,53,0.273972602739726
like,59,21,38,0.3559322033898305
show,4,2,2,0.5
continuing,3,2,1,0.6666666666666666
care,20,10,10,0.5
inspiring,2,2,0,1.0
eadership,1,1,0,1.0
towards,5,2,3,0.4
challenges,3,3,0,1.0
better,15,4,11,0.26666666666666666
future,9,5,4,0.5555555555555556
stable,4,4,0,1.0
outstanding,2,2,0,1.0
proud,6,5,1,0.8333333333333334
respect,5,4,1,0.8
express,3,3,0,1.0
convinced,2,2,0,1.0
believe,35,12,23,0.34285714285714286
critical,3,2,1,0.6666666666666666
thank,39,30,9,0.7692307692307693
need,35,9,26,0.2571428571428571
efforts,5,3,2,0.6
people,108,34,74,0.3148148148148148
lead,6,3,3,0.5
facing,5,4,1,0.8
usher,2,2,0,1.0
prosperous,4,4,0,1.0
moment,3,3,0,1.0
various,11,3,8,0.2727272727272727
us,60,20,40,0.3333333333333333
style,2,2,0,1.0
look,20,4,16,0.2
tomorrow,3,2,1,0.6666666666666666
good,69,48,21,0.6956521739130435
luck,20,19,1,0.95
mr,37,31,6,0.8378378378378378
say,34,8,26,0.23529411764705882
reasonable,2,2,0,1.0
citizens,15,6,9,0.4
american,66,20,46,0.30303030303030304
tough,3,3,0,1.0
decisions,4,3,1,0.75
speak,14,5,9,0.35714285714285715
times,10,6,4,0.6
health,12,6,6,0.5
safety,6,4,2,0.6666666666666666
much,23,8,15,0.34782608695652173
friend,5,2,3,0.4
making,17,10,7,0.5882352941176471
vote,41,14,27,0.34146341463414637
done,21,7,14,0.3333333333333333
blue,13,7,6,0.5384615384615384
opinion,3,1,2,0.3333333333333333
challenging,3,3,0,1.0
job,39,19,20,0.48717948717948717
amazing,4,3,1,0.75
hear,5,3,2,0.6
choices,1,1,0,1.0
work,59,30,29,0.5084745762711864
important,11,3,8,0.2727272727272727
wishes,7,2,5,0.2857142857142857
first,11,5,6,0.45454545454545453
plans,2,1,1,0.5
investing,12,6,6,0.5
undeniably,1,1,0,1.0
positive,9,7,2,0.7777777777777778
lowest,21,9,12,0.42857142857142855
rate,17,10,7,0.5882352941176471
change,11,2,9,0.18181818181818182
record,25,9,16,0.36
progress,4,4,0,1.0
economic,18,10,8,0.5555555555555556
jobs,57,14,43,0.24561403508771928
keep,22,12,10,0.5454545454545454
growth,12,7,5,0.5833333333333334
fostering,1,1,0,1.0
inflation,65,20,45,0.3076923076923077
significant,1,1,0,1.0
million,38,11,27,0.2894736842105263
made,17,7,10,0.4117647058823529
win,8,4,4,0.5
excellency,2,2,0,1.0
congratulate,1,1,0,1.0
united,28,14,14,0.5
states,32,14,18,0.4375
right,25,18,7,0.72
loving,2,2,0,1.0
among,4,1,3,0.25
even,45,9,36,0.2
developments,1,1,0,1.0
evident,4,2,2,0.5
fantastic,1,1,0,1.0
impressive,1,1,0,1.0
results,6,5,1,0.8333333333333334
ahead,4,4,0,1.0
economies,5,3,2,0.6
major,6,2,4,0.3333333333333333
looking,8,5,3,0.625
independents,1,0,1,0.0
middle,14,1,13,0.07142857142857142
campaigns,2,0,2,0.0
perception,1,0,1,0.0
businesses,6,0,6,0.0
come,32,7,25,0.21875
credit,8,4,4,0.5
deregulation,1,0,1,0.0
put,12,4,8,0.3333333333333333
reporting,2,0,2,0.0
deregulated,1,0,1,0.0
getting,8,0,8,0.0
powered,1,0,1,0.0
views,1,0,1,0.0
votes,10,1,9,0.1
deserve,6,1,5,0.16666666666666666
fixing,2,1,1,0.5
exchanged,2,0,2,0.0
majority,8,2,6,0.25
legislation,2,0,2,0.0
something,11,5,6,0.45454545454545453
led,5,1,4,0.2
buzz,1,0,1,0.0
afford,10,0,10,0.0
millionaire,1,0,1,0.0
name,13,5,8,0.38461538461538464
engaged,1,0,1,0.0
improving,1,0,1,0.0
gone,11,1,10,0.09090909090909091
earn,2,0,2,0.0
buybacks,2,0,2,0.0
conglomerates,1,0,1,0.0
house,35,7,28,0.2
courts,1,0,1,0.0
companies,5,0,5,0.0
agendas,2,1,1,0.5
railroaders,1,0,1,0.0
day,34,2,32,0.058823529411764705
allow,3,0,3,0.0
unwise,1,0,1,0.0
boughten,1,0,1,0.0
word,26,3,23,0.11538461538461539
poor,14,0,14,0.0
profits,3,0,3,0.0
fix,4,1,3,0.25
brought,8,4,4,0.5
pilfered,1,0,1,0.0
affect,1,0,1,0.0
anything,8,2,6,0.25
value,2,0,2,0.0
capitalism,1,0,1,0.0
forsaken,1,0,1,0.0
dollar,2,0,2,0.0
congress,5,0,5,0.0
flashy,1,0,1,0.0
illegal,25,4,21,0.16
field,5,1,4,0.2
responsible,3,1,2,0.3333333333333333
washington,5,1,4,0.2
unchecked,1,0,1,0.0
corporate,4,1,3,0.25
help,33,10,23,0.30303030303030304
families,2,1,1,0.5
street,3,0,3,0.0
playing,3,0,3,0.0
disconnect,1,0,1,0.0
class,4,1,3,0.25
paper,4,0,4,0.0
paycheck,2,0,2,0.0
https,197,12,185,0.06091370558375635
live,16,4,12,0.25
face,17,4,13,0.23529411764705882
corporations,2,0,2,0.0
prevent,2,0,2,0.0
invested,12,3,9,0.25
gouging,1,0,1,0.0
administrations,1,0,1,0.0
monopolization,1,0,1,0.0
conditions,3,0,3,0.0
matter,8,2,6,0.25
savings,2,0,2,0.0
money,37,3,34,0.08108108108108109
sting,4,0,4,0.0
nothing,13,3,10,0.23076923076923078
benefit,2,0,2,0.0
grown,1,0,1,0.0
long,10,3,7,0.3
took,20,4,16,0.2
distrust,1,0,1,0.0
talk,10,3,7,0.3
stock,5,2,3,0.4
democracy,19,8,11,0.42105263157894735
control,19,3,16,0.15789473684210525
invest,12,3,9,0.25
many,29,9,20,0.3103448275862069
politicians,7,1,6,0.14285714285714285
federal,11,2,9,0.18181818181818182
bidenomics,55,14,41,0.2545454545454545
corrupt,16,2,14,0.125
policies,17,5,12,0.29411764705882354
market,10,1,9,0.1
strike,2,0,2,0.0
tie,1,0,1,0.0
profit,3,0,3,0.0
unpaid,1,0,1,0.0
labor,6,0,6,0.0
away,15,3,12,0.2
high,46,7,39,0.15217391304347827
wall,7,1,6,0.14285714285714285
feed,3,0,3,0.0
enough,11,2,9,0.18181818181818182
knows,1,0,1,0.0
brag,3,1,2,0.3333333333333333
precious,1,0,1,0.0
actually,6,2,4,0.3333333333333333
understands,2,1,1,0.5
competition,2,0,2,0.0
far,11,2,9,0.18181818181818182
touch,3,1,2,0.3333333333333333
public,9,3,6,0.3333333333333333
monopoly,1,0,1,0.0
still,41,6,35,0.14634146341463414
manipulation,4,0,4,0.0
fair,2,0,2,0.0
screaming,1,0,1,0.0
go,39,17,22,0.4358974358974359
back,40,10,30,0.25
protect,8,2,6,0.25
every,31,6,25,0.1935483870967742
perceive,1,0,1,0.0
ceos,1,0,1,0.0
vast,2,0,2,0.0
dark,2,0,2,0.0
stifled,1,0,1,0.0
directly,3,1,2,0.3333333333333333
bought,3,0,3,0.0
bankrolling,1,0,1,0.0
give,9,4,5,0.4444444444444444
power,6,3,3,0.5
food,29,4,25,0.13793103448275862
economy,23,10,13,0.43478260869565216
price,5,1,4,0.2
wages,3,0,3,0.0
kind,5,3,2,0.6
fighting,6,1,5,0.16666666666666666
belongs,2,0,2,0.0
executivesecretariat,1,0,1,0.0
well,15,8,7,0.5333333333333333
blame,4,0,4,0.0
numbers,11,2,9,0.18181818181818182
billionaire,2,1,1,0.5
tying,1,0,1,0.0
sure,14,2,12,0.14285714285714285
reality,8,2,6,0.25
know,49,9,40,0.1836734693877551
ones,16,2,14,0.125
outlook,1,0,1,0.0
going,23,4,19,0.17391304347826086
access,4,1,3,0.25
capitalists,1,0,1,0.0
get,30,7,23,0.23333333333333334
workers,12,1,11,0.08333333333333333
mean,9,1,8,0.1111111111111111
struggling,3,0,3,0.0
table,3,0,3,0.0
government,24,7,17,0.2916666666666667
maybe,5,0,5,0.0
feel,13,3,10,0.23076923076923078
level,5,2,3,0.4
greed,1,0,1,0.0
administration,31,6,25,0.1935483870967742
want,35,5,30,0.14285714285714285
shareholder,1,0,1,0.0
share,6,2,4,0.3333333333333333
lobbyists,2,0,2,0.0
break,10,3,7,0.3
everything,30,6,24,0.2
destroying,12,1,11,0.08333333333333333
pretend,1,0,1,0.0
global,9,1,8,0.1111111111111111
appreciate,3,2,1,0.6666666666666666
exciting,1,1,0,1.0
incredible,2,1,1,0.5
trump,83,39,44,0.46987951807228917
chance,3,2,1,0.6666666666666666
got,19,4,15,0.21052631578947367
joe,165,65,100,0.3939393939393939
flag,1,1,0,1.0
keeping,4,1,3,0.25
fly,2,1,1,0.5
caring,2,2,0,1.0
history,32,11,21,0.34375
usa,19,6,13,0.3157894736842105
definitely,5,4,1,0.8
bless,14,13,1,0.9285714285714286
god,31,20,11,0.6451612903225806
sudan,2,2,0,1.0
sending,9,2,7,0.2222222222222222
admires,2,2,0,1.0
africa,4,3,1,0.75
south,8,1,7,0.125
love,24,15,9,0.625
skills,1,1,0,1.0
wicked,4,2,2,0.5
humanity,5,0,5,0.0
true,16,5,11,0.3125
honest,3,2,1,0.6666666666666666
sign,3,0,3,0.0
everywhere,5,3,2,0.6
germany,2,0,2,0.0
military,9,3,6,0.3333333333333333
connections,1,0,1,0.0
hint,3,0,3,0.0
clear,9,4,5,0.4444444444444444
accomplishments,6,2,4,0.3333333333333333
wonkiness,1,0,1,0.0
details,2,1,1,0.5
normal,2,0,2,0.0
specific,3,1,2,0.3333333333333333
labeling,1,0,1,0.0
students,3,1,2,0.3333333333333333
wonky,1,0,1,0.0
clearly,4,2,2,0.5
etc,6,2,4,0.3333333333333333
simple,4,0,4,0.0
boring,1,0,1,0.0
lists,1,0,1,0.0
words,10,4,6,0.4
problem,9,1,8,0.1111111111111111
foreign,15,1,14,0.06666666666666667
explain,7,2,5,0.2857142857142857
democrats,18,2,16,0.1111111111111111
improvements,1,0,1,0.0
research,5,2,3,0.4
plainly,1,0,1,0.0
actions,5,3,2,0.6
ladder,1,1,0,1.0
reach,2,1,1,0.5
stay,6,3,3,0.5
dedication,1,1,0,1.0
tip,1,1,0,1.0
man,23,7,16,0.30434782608695654
office,23,8,15,0.34782608695652173
ukraine,20,6,14,0.3
years,36,10,26,0.2777777777777778
year,41,11,30,0.2682926829268293
insurance,5,2,3,0.4
groceries,8,1,7,0.125
since,35,6,29,0.17142857142857143
noticed,2,0,2,0.0
gas,24,4,20,0.16666666666666666
restaurant,2,0,2,0.0
skyrocketed,4,0,4,0.0
eating,3,1,2,0.3333333333333333
npc,1,0,1,0.0
comment,6,1,5,0.16666666666666666
bots,8,2,6,0.25
lot,7,3,4,0.42857142857142855
hold,4,3,1,0.75
ca,15,4,11,0.26666666666666666
hasina,3,2,1,0.6666666666666666
relinquish,2,2,0,1.0
sheikh,3,2,1,0.6666666666666666
importance,3,2,1,0.6666666666666666
rise,3,2,1,0.6666666666666666
west,9,3,6,0.3333333333333333
bangladesh,7,2,5,0.2857142857142857
challenge,4,3,1,0.75
westerners,2,2,0,1.0
russia,8,4,4,0.5
become,6,3,3,0.5
world,67,23,44,0.34328358208955223
able,10,4,6,0.4
china,27,8,19,0.2962962962962963
return,8,3,5,0.375
saw,4,0,4,0.0
lost,14,1,13,0.07142857142857142
pple,1,0,1,0.0
find,7,1,6,0.14285714285714285
boycotted,1,0,1,0.0
election,11,3,8,0.2727272727272727
boats,1,0,1,0.0
also,32,10,22,0.3125
trust,8,2,6,0.25
hope,11,8,3,0.7272727272727273
elections,4,0,4,0.0
lose,3,0,3,0.0
participated,1,0,1,0.0
mercy,3,0,3,0.0
dear,5,2,3,0.4
trouble,2,1,1,0.5
please,24,8,16,0.3333333333333333
today,19,11,8,0.5789473684210527
owners,5,3,2,0.6
انشروها,3,3,0,1.0
ليس,3,3,0,1.0
حق,3,3,0,1.0
occupier,4,4,0,1.0
لأصحاب,3,3,0,1.0
عن,3,3,0,1.0
الارض,3,3,0,1.0
inherent,3,3,0,1.0
spread,6,4,2,0.6666666666666666
land,20,5,15,0.25
في,4,3,1,0.75
أصيل,3,3,0,1.0
مكان,3,3,0,1.0
النفس,3,3,0,1.0
كل,5,3,2,0.6
للمحتل,3,3,0,1.0
فقط,3,3,0,1.0
هو,3,3,0,1.0
الدفاع,3,3,0,1.0
heard,4,3,1,0.75
things,8,3,5,0.375
nt,1,1,0,1.0
side,3,1,2,0.3333333333333333
awesome,2,2,0,1.0
neutral,1,0,1,0.0
see,37,8,29,0.21621621621621623
less,12,4,8,0.3333333333333333
presidents,5,2,3,0.4
especially,7,2,5,0.2857142857142857
beautiful,4,3,1,0.75
white,25,5,20,0.2
fortunate,1,1,0,1.0
complete,6,0,6,0.0
palestine,28,8,20,0.2857142857142857
continuous,1,0,1,0.0
infrastructure,5,1,4,0.2
camp,1,0,1,0.0
thirty,3,0,3,0.0
plundering,1,0,1,0.0
terrifying,2,1,1,0.5
support,30,12,18,0.4
daily,3,0,3,0.0
current,8,0,8,0.0
court,9,3,6,0.3333333333333333
children,40,6,34,0.15
encapsulates,1,0,1,0.0
violations,1,0,1,0.0
exceeded,1,0,1,0.0
aggression,14,0,14,0.0
thanks,18,13,5,0.7222222222222222
talking,7,0,7,0.0
innocent,16,4,12,0.25
violence,3,2,1,0.6666666666666666
toys,1,0,1,0.0
forces,11,0,11,0.0
hospitals,7,1,6,0.14285714285714285
nightmare,1,0,1,0.0
supposed,2,1,1,0.5
extermination,1,0,1,0.0
scene,2,0,2,0.0
turning,8,1,7,0.125
possessions,1,0,1,0.0
palestinian,8,1,7,0.125
destruction,6,1,5,0.16666666666666666
continues,3,1,2,0.3333333333333333
nations,4,1,3,0.25
occupation,10,2,8,0.2
committed,3,0,3,0.0
barbarity,1,0,1,0.0
free,28,11,17,0.39285714285714285
homes,4,2,2,0.5
lawsuit,1,0,1,0.0
life,24,4,20,0.16666666666666666
genocide,32,6,26,0.1875
deep,7,2,5,0.2857142857142857
killed,17,0,17,0.0
bombardment,1,0,1,0.0
chapters,1,0,1,0.0
living,16,3,13,0.1875
horrific,1,0,1,0.0
shops,1,0,1,0.0
described,2,0,2,0.0
tragedy,2,0,2,0.0
honorable,4,3,1,0.75
filed,1,0,1,0.0
without,12,3,9,0.25
palestinians,19,2,17,0.10526315789473684
exacerbating,1,0,1,0.0
neighborhoods,1,0,1,0.0
mass,5,1,4,0.2
strip,4,0,4,0.0
shelter,3,0,3,0.0
mosques,4,1,3,0.25
largest,5,0,5,0.0
aout,1,0,1,0.0
transformed,1,0,1,0.0
number,11,3,8,0.2727272727272727
situation,7,1,6,0.14285714285714285
witnessed,2,0,2,0.0
safe,14,2,12,0.14285714285714285
targets,1,0,1,0.0
schools,7,1,6,0.14285714285714285
villages,1,0,1,0.0
civilians,4,0,4,0.0
days,17,2,15,0.11764705882352941
protection,3,1,2,0.3333333333333333
ten,4,1,3,0.25
displaced,4,0,4,0.0
voices,3,0,3,0.0
victims,1,0,1,0.0
hundred,3,1,2,0.3333333333333333
residential,1,0,1,0.0
havens,1,0,1,0.0
spared,1,0,1,0.0
devastation,1,0,1,0.0
machine,1,0,1,0.0
casualties,1,0,1,0.0
invading,11,0,11,0.0
crime,15,4,11,0.26666666666666666
thousand,10,0,10,0.0
stop,42,5,37,0.11904761904761904
international,11,1,10,0.09090909090909091
prison,9,1,8,0.1111111111111111
israeli,17,0,17,0.0
gaza,38,3,35,0.07894736842105263
congratulations,10,5,5,0.5
heartiest,1,1,0,1.0
republicans,9,4,5,0.4444444444444444
voted,9,4,5,0.4444444444444444
e,7,1,6,0.14285714285714285
oficial,5,0,5,0.0
fazemos,1,0,1,0.0
que,6,0,6,0.0
investimentos,1,0,1,0.0
presidente,5,1,4,0.2
economia,1,0,1,0.0
juntos,1,0,1,0.0
eu,3,0,3,0.0
de,12,0,12,0.0
investigação,1,0,1,0.0
tais,3,0,3,0.0
senhor,1,0,1,0.0
só,1,0,1,0.0
todos,5,0,5,0.0
tempos,1,0,1,0.0
nós,1,0,1,0.0
temos,1,0,1,0.0
esse,1,0,1,0.0
tô,1,0,1,0.0
quem,3,0,3,0.0
um,1,0,1,0.0
crescer,1,0,1,0.0
afastado,1,0,1,0.0
thenk,1,0,1,0.0
uma,1,0,1,0.0
trabalhar,1,0,1,0.0
para,5,0,5,0.0
justiça,3,0,3,0.0
alguns,1,0,1,0.0
parabéns,1,0,1,0.0
américa,5,3,2,0.6
com,3,0,3,0.0
melhor,1,0,1,0.0
empresários,1,0,1,0.0
lately,1,0,1,0.0
store,3,1,2,0.3333333333333333
shopping,2,0,2,0.0
grocery,10,2,8,0.2
looks,3,1,2,0.3333333333333333
third,7,3,4,0.42857142857142855
haha,3,2,1,0.6666666666666666
old,29,4,25,0.13793103448275862
letter,1,1,0,1.0
young,6,2,4,0.3333333333333333
age,3,2,1,0.6666666666666666
welcome,4,3,1,0.75
praising,4,3,1,0.75
interesting,1,1,0,1.0
joey,12,2,10,0.16666666666666666
little,7,1,6,0.14285714285714285
peacemaker,1,0,1,0.0
king,3,0,3,0.0
around,7,1,6,0.14285714285714285
stopping,5,2,3,0.4
laughs,1,0,1,0.0
boycott,2,0,2,0.0
past,9,4,5,0.4444444444444444
burn,1,0,1,0.0
israel,40,8,32,0.2
sanction,1,0,1,0.0
forced,4,0,4,0.0
slaughtering,1,0,1,0.0
equal,3,0,3,0.0
fire,10,0,10,0.0
dead,4,0,4,0.0
alive,3,0,3,0.0
achieve,4,1,3,0.25
tried,4,0,4,0.0
speeches,1,0,1,0.0
killing,23,3,20,0.13043478260869565
excluding,1,0,1,0.0
luther,1,0,1,0.0
set,2,0,2,0.0
aipac,3,0,3,0.0
upset,1,0,1,0.0
leaders,4,0,4,0.0
black,8,3,5,0.375
stokley,1,0,1,0.0
said,19,5,14,0.2631578947368421
bullet,1,0,1,0.0
truly,12,1,11,0.08333333333333333
horrible,2,0,2,0.0
however,3,0,3,0.0
ceasefire,3,0,3,0.0
yet,20,5,15,0.25
author,3,1,2,0.3333333333333333
ties,1,0,1,0.0
sadly,1,0,1,0.0
unfortunately,3,0,3,0.0
must,12,2,10,0.16666666666666666
killings,2,1,1,0.5
marching,1,0,1,0.0
action,2,1,1,0.5
tears,2,0,2,0.0
dying,5,0,5,0.0
owned,3,0,3,0.0
rights,9,2,7,0.2222222222222222
months,9,3,6,0.3333333333333333
streets,2,1,1,0.5
riot,1,0,1,0.0
reverend,1,0,1,0.0
march,1,0,1,0.0
mundy,2,0,2,0.0
silent,5,1,4,0.2
james,3,1,2,0.3333333333333333
accountable,2,0,2,0.0
removed,2,0,2,0.0
protesting,3,0,3,0.0
carmichael,1,0,1,0.0
baby,3,2,1,0.6666666666666666
martin,1,0,1,0.0
instead,12,5,7,0.4166666666666667
three,10,2,8,0.2
gregory,2,0,2,0.0
last,21,7,14,0.3333333333333333
bank,4,0,4,0.0
pockets,3,0,3,0.0
accounts,4,0,4,0.0
respected,1,0,1,0.0
reading,9,5,4,0.5555555555555556
playbook,1,0,1,0.0
recent,4,0,4,0.0
denied,1,0,1,0.0
candidate,2,0,2,0.0
billions,11,3,8,0.2727272727272727
paying,11,0,11,0.0
chinese,9,2,7,0.2222222222222222
built,3,1,2,0.3333333333333333
david,1,0,1,0.0
axelrod,1,0,1,0.0
full,17,3,14,0.17647058823529413
truth,25,5,20,0.2
telling,6,2,4,0.3333333333333333
everybody,4,1,3,0.25
senior,2,0,2,0.0
station,3,1,2,0.3333333333333333
policy,5,1,4,0.2
education,6,2,4,0.3333333333333333
new,24,4,20,0.16666666666666666
border,48,5,43,0.10416666666666667
approval,16,3,13,0.1875
omics,2,0,2,0.0
sexualizing,1,0,1,0.0
low,14,3,11,0.21428571428571427
taiwan,2,0,2,0.0
pay,15,3,12,0.2
charging,2,0,2,0.0
allocated,1,0,1,0.0
race,2,1,1,0.5
using,10,3,7,0.3
son,12,4,8,0.3333333333333333
walking,1,0,1,0.0
left,7,1,6,0.14285714285714285
lying,14,2,12,0.14285714285714285
hitting,1,0,1,0.0
harris,1,0,1,0.0
reelection,8,2,6,0.25
together,5,3,2,0.6
afghanistan,6,2,4,0.3333333333333333
green,5,1,4,0.2
bringing,3,1,2,0.3333333333333333
mexico,4,1,3,0.25
math,2,0,2,0.0
based,6,2,4,0.3333333333333333
card,5,2,3,0.4
prioritizing,1,0,1,0.0
family,14,6,8,0.42857142857142855
found,7,1,6,0.14285714285714285
venezuela,1,0,1,0.0
educational,1,0,1,0.0
journal,1,0,1,0.0
prices,25,4,21,0.16
bribe,1,0,1,0.0
former,7,1,6,0.14285714285714285
received,2,1,1,0.5
obama,9,3,6,0.3333333333333333
mention,4,1,3,0.25
taxes,7,1,6,0.14285714285714285
disaster,6,0,6,0.0
attempt,4,2,2,0.5
scam,3,1,2,0.3333333333333333
means,9,3,6,0.3333333333333333
rating,13,1,12,0.07692307692307693
showing,2,0,2,0.0
compromised,1,0,1,0.0
enriched,1,0,1,0.0
poll,8,1,7,0.125
total,9,1,8,0.1111111111111111
dollars,14,1,13,0.07142857142857142
lie,28,0,28,0.0
haiti,1,0,1,0.0
adviser,1,0,1,0.0
came,10,3,7,0.3
problems,4,0,4,0.0
divide,3,0,3,0.0
failure,23,0,23,0.0
iran,11,4,7,0.36363636363636365
busy,1,0,1,0.0
fund,8,1,7,0.125
wars,14,6,8,0.42857142857142855
investment,6,4,2,0.6666666666666666
overseas,3,0,3,0.0
barely,2,0,2,0.0
programs,2,1,1,0.5
working,22,9,13,0.4090909090909091
cruelty,1,0,1,0.0
utilizing,1,0,1,0.0
highly,2,1,1,0.5
individual,1,0,1,0.0
subject,11,0,11,0.0
oppression,9,1,8,0.1111111111111111
nationally,1,0,1,0.0
discrimination,2,1,1,0.5
internationally,1,0,1,0.0
false,4,0,4,0.0
involved,3,1,2,0.3333333333333333
law,8,1,7,0.125
punishment,1,0,1,0.0
target,2,0,2,0.0
maga,10,3,7,0.3
insurrectionist,1,1,0,1.0
defeat,4,3,1,0.75
lets,7,3,4,0.42857142857142855
joebiden,1,1,0,1.0
voting,14,5,9,0.35714285714285715
whole,24,2,22,0.08333333333333333
shine,2,2,0,1.0
remember,8,2,6,0.25
pointed,1,0,1,0.0
faces,2,1,1,0.5
sacrifices,2,2,0,1.0
smartest,3,3,0,1.0
may,17,6,11,0.35294117647058826
unconditionally,2,2,0,1.0
think,24,9,15,0.375
beliefs,2,2,0,1.0
superstars,1,1,0,1.0
promises,1,1,0,1.0
news,17,1,16,0.058823529411764705
plan,3,3,0,1.0
sometime,2,1,1,0.5
empty,1,1,0,1.0
nation,6,3,3,0.5
instant,1,1,0,1.0
online,2,1,1,0.5
wobbly,1,1,0,1.0
bit,3,3,0,1.0
offer,3,2,1,0.6666666666666666
payment,2,1,1,0.5
urgent,1,0,1,0.0
thinking,5,3,2,0.6
verry,1,0,1,0.0
shaim,1,0,1,0.0
homeless,4,1,3,0.25
lave,1,0,1,0.0
helthy,1,0,1,0.0
hard,9,3,6,0.3333333333333333
gays,1,0,1,0.0
animals,1,0,1,0.0
slipping,1,0,1,0.0
entire,11,2,9,0.18181818181818182
sleep,1,1,0,1.0
rely,1,1,0,1.0
operates,1,1,0,1.0
goverment,1,1,0,1.0
almost,3,1,2,0.3333333333333333
really,15,4,11,0.26666666666666666
portion,2,0,2,0.0
aid,4,0,4,0.0
lahaina,1,0,1,0.0
along,3,2,1,0.6666666666666666
send,17,5,12,0.29411764705882354
big,13,4,9,0.3076923076923077
shambles,1,0,1,0.0
nice,5,4,1,0.8
hands,6,3,3,0.5
guys,4,3,1,0.75
saying,9,3,6,0.3333333333333333
save,16,5,11,0.3125
والشعب,1,0,1,0.0
المشكلة,1,0,1,0.0
التدهور,1,0,1,0.0
بسبب,2,0,2,0.0
وهنا,1,0,1,0.0
تكمن,1,0,1,0.0
التطور,1,0,1,0.0
لايلبي,1,0,1,0.0
تعاني,1,0,1,0.0
المعروض,1,0,1,0.0
النمو,1,0,1,0.0
الاحتياج,1,0,1,0.0
العالمي,1,0,1,0.0
العالم,2,0,2,0.0
يشتكي,1,0,1,0.0
والاضمحلال,1,0,1,0.0
وهو,1,0,1,0.0
العمل,1,0,1,0.0
فان,1,0,1,0.0
مفقودة,1,0,1,0.0
وبالتالي,1,0,1,0.0
ذلك,1,0,1,0.0
من,2,0,2,0.0
حلقة,1,0,1,0.0
هنالك,1,0,1,0.0
الزراعي,1,0,1,0.0
اليوم,1,0,1,0.0
way,23,10,13,0.43478260869565216
ago,6,2,4,0.3333333333333333
weapons,10,3,7,0.3
tank,1,1,0,1.0
strength,6,4,2,0.6666666666666666
deadly,2,1,1,0.5
position,2,1,1,0.5
technology,3,1,2,0.3333333333333333
iman,1,1,0,1.0
mujahid,1,1,0,1.0
nope,2,0,2,0.0
cares,2,1,1,0.5
pick,2,1,1,0.5
ends,5,2,3,0.4
second,8,4,4,0.5
meet,6,4,2,0.6666666666666666
lucky,1,0,1,0.0
applyment,1,0,1,0.0
quie,1,0,1,0.0
request,1,0,1,0.0
comments,6,2,4,0.3333333333333333
economically,1,1,0,1.0
metric,1,1,0,1.0
expectancy,2,1,1,0.5
areas,2,2,0,1.0
dependent,2,1,1,0.5
doubt,4,1,3,0.25
standard,2,2,0,1.0
leave,6,2,4,0.3333333333333333
red,14,2,12,0.14285714285714285
secure,7,0,7,0.0
countries,23,6,17,0.2608695652173913
funding,7,2,5,0.2857142857142857
pareil,1,0,1,0.0
meilleurs,1,0,1,0.0
population,5,0,5,0.0
maire,1,0,1,0.0
mes,1,0,1,0.0
faire,1,0,1,0.0
pays,1,0,1,0.0
agréable,1,0,1,0.0
vous,1,0,1,0.0
bien,1,0,1,0.0
président,4,2,2,0.5
notre,1,0,1,0.0
se,5,0,5,0.0
le,6,1,5,0.16666666666666666
tous,1,0,1,0.0
comme,1,0,1,0.0
et,3,0,3,0.0
cela,1,0,1,0.0
au,2,0,2,0.0
les,3,0,3,0.0
meilleur,1,0,1,0.0
trouve,2,0,2,0.0
êtes,1,0,1,0.0
presque,1,0,1,0.0
dans,2,0,2,0.0
rendre,1,0,1,0.0
références,1,0,1,0.0
ville,1,0,1,0.0
donner,2,0,2,0.0
idoles,1,0,1,0.0
raison,1,0,1,0.0
finish,2,2,0,1.0
type,2,1,1,0.5
truck,5,2,3,0.4
wondering,1,0,1,0.0
licence,1,0,1,0.0
given,5,2,3,0.4
substantial,1,1,0,1.0
achievements,3,1,2,0.3333333333333333
investments,2,2,0,1.0
impact,5,2,3,0.4
households,2,1,1,0.5
millions,12,5,7,0.4166666666666667
pledged,1,1,0,1.0
protected,3,2,1,0.6666666666666666
double,5,3,2,0.6
abortion,2,1,1,0.5
cancellation,1,1,0,1.0
saving,2,1,1,0.5
medical,6,1,5,0.16666666666666666
environmental,1,1,0,1.0
banking,2,1,1,0.5
funded,2,1,1,0.5
justice,8,3,5,0.375
hand,7,3,4,0.42857142857142855
democrat,7,3,4,0.42857142857142855
costs,6,2,4,0.3333333333333333
lower,7,1,6,0.14285714285714285
average,6,1,5,0.16666666666666666
women,13,3,10,0.23076923076923078
advance,1,1,0,1.0
stood,1,1,0,1.0
waters,1,1,0,1.0
cycle,2,2,0,1.0
order,16,1,15,0.0625
medicare,1,1,0,1.0
energy,8,2,6,0.25
large,3,2,1,0.6666666666666666
mental,3,1,2,0.3333333333333333
nearly,3,1,2,0.3333333333333333
billion,6,1,5,0.16666666666666666
insulin,1,1,0,1.0
finalized,1,1,0,1.0
affordable,1,1,0,1.0
projects,2,2,0,1.0
methane,1,1,0,1.0
recovery,1,1,0,1.0
forgiveness,2,1,1,0.5
medication,1,1,0,1.0
hbcus,1,1,0,1.0
touts,1,1,0,1.0
effort,1,1,0,1.0
roads,2,1,1,0.5
including,6,3,3,0.5
racism,3,1,2,0.3333333333333333
abroad,1,1,0,1.0
allowed,5,2,3,0.4
doctors,1,1,0,1.0
emergency,1,1,0,1.0
rail,1,1,0,1.0
launched,1,1,0,1.0
created,16,3,13,0.1875
reliable,2,2,0,1.0
contraception,1,1,0,1.0
rule,4,1,3,0.25
defended,1,1,0,1.0
seniors,1,1,0,1.0
aanhpi,1,1,0,1.0
globe,3,1,2,0.3333333333333333
spoke,2,1,1,0.5
gun,3,1,2,0.3333333333333333
helped,7,3,4,0.42857142857142855
across,8,3,5,0.375
pollution,1,1,0,1.0
donors,1,1,0,1.0
higher,13,4,9,0.3076923076923077
watch,13,2,11,0.15384615384615385
corps,1,1,0,1.0
hate,6,3,3,0.5
patients,4,1,3,0.25
additional,1,1,0,1.0
tickets,1,1,0,1.0
internet,3,1,2,0.3333333333333333
clean,3,2,1,0.6666666666666666
professionals,2,1,1,0.5
partners,2,1,1,0.5
service,6,3,3,0.5
strengthened,1,1,0,1.0
cracked,1,1,0,1.0
transit,2,1,1,0.5
hispanic,2,2,0,1.0
alliances,1,1,0,1.0
drug,3,1,2,0.3333333333333333
negotiate,1,1,0,1.0
climate,16,2,14,0.125
pushed,2,1,1,0.5
stronger,3,2,1,0.6666666666666666
event,2,1,1,0.5
capped,1,1,0,1.0
cut,5,1,4,0.2
acres,1,1,0,1.0
raising,1,1,0,1.0
bridges,2,1,1,0.5
airports,2,1,1,0.5
repayment,1,1,0,1.0
allies,2,1,1,0.5
lands,2,2,0,1.0
debt,13,3,10,0.23076923076923078
morning,1,1,0,1.0
construction,2,1,1,0.5
raised,4,2,2,0.5
prevention,1,1,0,1.0
junk,1,1,0,1.0
home,19,5,14,0.2631578947368421
point,7,1,6,0.14285714285714285
tackled,1,1,0,1.0
campaign,10,2,8,0.2
donation,3,1,2,0.3333333333333333
ability,3,2,1,0.6666666666666666
senate,3,1,2,0.3333333333333333
fees,2,1,1,0.5
monthly,2,1,1,0.5
lowered,1,1,0,1.0
signed,3,2,1,0.6666666666666666
improved,1,1,0,1.0
school,7,3,4,0.42857142857142855
confirmed,1,1,0,1.0
donations,2,1,1,0.5
executive,1,1,0,1.0
guns,3,1,2,0.3333333333333333
loan,4,2,2,0.5
judges,3,1,2,0.3333333333333333
student,1,1,0,1.0
sustained,2,1,1,0.5
privacy,1,1,0,1.0
protections,1,1,0,1.0
crisis,6,1,5,0.16666666666666666
dangerous,10,2,8,0.2
water,5,2,3,0.4
recurring,1,1,0,1.0
monday,1,1,0,1.0
safer,1,1,0,1.0
announced,2,1,1,0.5
qualified,2,1,1,0.5
reproductive,1,1,0,1.0
whopping,1,1,0,1.0
apartments,1,1,0,1.0
مجرم,1,0,1,0.0
واكبر,1,0,1,0.0
sad,6,1,5,0.16666666666666666
soldier,9,0,9,0.0
dog,3,0,3,0.0
pony,1,0,1,0.0
lyin,3,0,3,0.0
faced,1,0,1,0.0
honourable,1,1,0,1.0
tax,11,2,9,0.18181818181818182
reform,2,1,1,0.5
stance,1,1,0,1.0
adopted,1,1,0,1.0
deliver,3,2,1,0.6666666666666666
affairs,2,1,1,0.5
supporters,9,3,6,0.3333333333333333
considered,1,1,0,1.0
domestic,2,2,0,1.0
emphasised,1,1,0,1.0
successful,1,1,0,1.0
respects,1,1,0,1.0
air,4,3,1,0.75
shake,1,1,0,1.0
childish,1,1,0,1.0
opponents,3,2,1,0.6666666666666666
lies,25,3,22,0.12
understand,3,1,2,0.3333333333333333
east,11,1,10,0.09090909090909091
attacks,2,1,1,0.5
hesitation,1,0,1,0.0
presidential,3,1,2,0.3333333333333333
russian,3,1,2,0.3333333333333333
smart,3,0,3,0.0
thoughts,1,0,1,0.0
war,44,7,37,0.1590909090909091
knew,4,0,4,0.0
fought,1,0,1,0.0
trying,6,1,5,0.16666666666666666
soldiers,12,0,12,0.0
ratings,1,0,1,0.0
injustice,9,1,8,0.1111111111111111
terrorist,10,0,10,0.0
serious,3,0,3,0.0
scheme,2,1,1,0.5
habits,2,0,2,0.0
ploy,1,0,1,0.0
reason,9,0,9,0.0
fight,10,4,6,0.4
started,4,1,3,0.25
quiet,1,0,1,0.0
preemptively,1,0,1,0.0
launch,1,0,1,0.0
hamas,5,0,5,0.0
airstrikes,1,0,1,0.0
enemy,5,0,5,0.0
hesitating,2,1,1,0.5
read,13,1,12,0.07692307692307693
seen,15,2,13,0.13333333333333333
spies,2,1,1,0.5
communist,5,0,5,0.0
attacked,1,0,1,0.0
iranian,1,0,1,0.0
spy,2,1,1,0.5
involve,2,0,2,0.0
calculate,1,0,1,0.0
increase,3,0,3,0.0
rose,3,1,2,0.3333333333333333
knowing,4,2,2,0.5
next,10,2,8,0.2
group,6,1,5,0.16666666666666666
method,1,0,1,0.0
houthis,3,0,3,0.0
space,2,1,1,0.5
personally,2,1,1,0.5
statements,2,1,1,0.5
isro,1,1,0,1.0
indian,1,1,0,1.0
person,14,7,7,0.5
ies,1,0,1,0.0
nia,1,0,1,0.0
menejers,1,0,1,0.0
kagebe,1,0,1,0.0
leila,1,0,1,0.0
opsnadze,1,0,1,0.0
frader,1,0,1,0.0
otiashvili,1,0,1,0.0
klon,1,0,1,0.0
irakli,1,0,1,0.0
evropa,1,0,1,0.0
wiz,1,0,1,0.0
neli,1,0,1,0.0
maiklon,1,0,1,0.0
meners,1,0,1,0.0
maia,1,0,1,0.0
mextieva,1,0,1,0.0
jorjia,1,0,1,0.0
mai,2,0,2,0.0
pohemu,1,0,1,0.0
zura,1,0,1,0.0
mam,2,0,2,0.0
mather,1,0,1,0.0
rosia,1,0,1,0.0
mania,1,0,1,0.0
amerika,1,0,1,0.0
nat,1,0,1,0.0
potus,1,1,0,1.0
casually,1,1,0,1.0
obtain,1,1,0,1.0
place,4,1,3,0.25
everyday,5,2,3,0.4
garbage,3,0,3,0.0
accountability,2,1,1,0.5
probably,2,1,1,0.5
two,9,3,6,0.3333333333333333
top,3,1,2,0.3333333333333333
youtube,1,1,0,1.0
hello,6,5,1,0.8333333333333334
joke,13,2,11,0.15384615384615385
stage,5,1,4,0.2
vowed,1,0,1,0.0
thing,5,1,4,0.2
cynics,1,0,1,0.0
unpopular,1,0,1,0.0
hit,7,2,5,0.2857142857142857
happy,8,6,2,0.75
lmao,2,1,1,0.5
toujours,1,1,0,1.0
tell,14,4,10,0.2857142857142857
relevant,1,1,0,1.0
pret,1,1,0,1.0
real,14,4,10,0.2857142857142857
never,22,7,15,0.3181818181818182
attention,4,2,2,0.5
media,13,3,10,0.23076923076923078
story,4,2,2,0.5
chat,1,1,0,1.0
anyone,11,3,8,0.2727272727272727
selim,1,1,0,1.0
md,1,1,0,1.0
hossain,1,1,0,1.0
dünyayı,1,0,1,0.0
demek,1,0,1,0.0
sadece,1,0,1,0.0
istersin,1,0,1,0.0
dünyaya,1,0,1,0.0
düşünsene,1,0,1,0.0
ne,2,0,2,0.0
immigrating,1,1,0,1.0
topic,2,1,1,0.5
frankly,1,1,0,1.0
winning,4,2,2,0.5
glad,2,1,1,0.5
limit,1,0,1,0.0
leftists,1,0,1,0.0
powers,4,3,1,0.75
afraid,3,0,3,0.0
epi,1,0,1,0.0
nou,1,0,1,0.0
ayiti,1,0,1,0.0
kraze,1,0,1,0.0
score,1,0,1,0.0
f,6,2,4,0.3333333333333333
fan,1,0,1,0.0
finances,2,0,2,0.0
insurection,1,0,1,0.0
round,1,0,1,0.0
needed,6,0,6,0.0
treatment,6,0,6,0.0
process,2,0,2,0.0
due,14,2,12,0.14285714285714285
speech,9,1,8,0.1111111111111111
lock,2,0,2,0.0
agree,3,0,3,0.0
another,15,2,13,0.13333333333333333
seas,10,0,10,0.0
upon,21,1,20,0.047619047619047616
anybody,2,0,2,0.0
amen,4,3,1,0.75
delusional,5,1,4,0.2
dominated,1,1,0,1.0
dominate,1,1,0,1.0
solve,1,1,0,1.0
recommend,1,1,0,1.0
choosed,1,1,0,1.0
seem,3,1,2,0.3333333333333333
abolish,2,1,1,0.5
destructive,9,1,8,0.1111111111111111
happiness,2,2,0,1.0
laying,2,1,1,0.5
alter,1,1,0,1.0
principles,3,3,0,1.0
likely,1,1,0,1.0
effect,1,1,0,1.0
shall,4,2,2,0.5
form,4,2,2,0.5
organizing,1,1,0,1.0
institute,1,1,0,1.0
foundation,2,1,1,0.5
whenever,1,1,0,1.0
becomes,2,1,1,0.5
logical,1,0,1,0.0
giving,6,1,5,0.16666666666666666
leader,11,9,2,0.8181818181818182
reasoning,1,0,1,0.0
common,3,0,3,0.0
creating,7,1,6,0.14285714285714285
sense,2,0,2,0.0
misspelled,2,0,2,0.0
laughing,1,1,0,1.0
da,5,2,3,0.4
worst,30,0,30,0.0
lives,10,3,7,0.3
demonstrates,1,1,0,1.0
backbone,1,1,0,1.0
improvement,1,1,0,1.0
destination,1,1,0,1.0
direction,1,1,0,1.0
bag,4,1,3,0.25
bulging,1,0,1,0.0
colostomy,1,0,1,0.0
loaded,1,0,1,0.0
wow,4,3,1,0.75
trillions,4,2,2,0.5
driving,1,1,0,1.0
career,5,2,3,0.4
multimillionaire,1,0,1,0.0
fellow,1,0,1,0.0
incompetent,5,1,4,0.2
politician,2,0,2,0.0
lever,1,0,1,0.0
elected,3,2,1,0.6666666666666666
cognitive,2,0,2,0.0
failing,3,0,3,0.0
nov,1,0,1,0.0
pull,1,0,1,0.0
nursing,2,0,2,0.0
il,2,0,2,0.0
des,2,0,2,0.0
lorsque,1,0,1,0.0
chers,1,0,1,0.0
qui,4,0,4,0.0
biben,1,0,1,0.0
voila,1,0,1,0.0
merci,2,0,2,0.0
sais,1,0,1,0.0
défendre,1,0,1,0.0
possible,5,1,4,0.2
logique,1,0,1,0.0
en,3,0,3,0.0
pas,1,0,1,0.0
cène,1,0,1,0.0
passe,1,0,1,0.0
politique,1,0,1,0.0
africaine,1,0,1,0.0
général,1,0,1,0.0
européenne,1,0,1,0.0
gestion,1,0,1,0.0
officiellement,1,0,1,0.0
ou,4,0,4,0.0
savez,1,0,1,0.0
la,10,0,10,0.0
toute,1,0,1,0.0
donne,1,0,1,0.0
rien,1,0,1,0.0
intégristes,1,0,1,0.0
monsieur,1,0,1,0.0
sur,1,0,1,0.0
manssengere,1,0,1,0.0
plus,2,0,2,0.0
gagnions,1,0,1,0.0
madame,1,0,1,0.0
lab,1,0,1,0.0
fort,1,0,1,0.0
personnes,1,0,1,0.0
plu,1,0,1,0.0
profile,1,0,1,0.0
could,11,1,10,0.09090909090909091
sold,4,1,3,0.25
bidder,3,1,2,0.3333333333333333
highest,12,5,7,0.4166666666666667
boggles,1,0,1,0.0
mind,3,0,3,0.0
failed,10,2,8,0.2
father,5,2,3,0.4
oh,5,1,4,0.2
records,3,1,2,0.3333333333333333
alright,1,1,0,1.0
mainstream,1,0,1,0.0
impunity,1,0,1,0.0
becoming,3,0,3,0.0
destroy,11,3,8,0.2727272727272727
ordinary,3,0,3,0.0
harshly,1,0,1,0.0
occupations,1,0,1,0.0
permits,1,0,1,0.0
pragmatic,1,0,1,0.0
expansion,1,0,1,0.0
determined,2,0,2,0.0
democratic,7,0,7,0.0
repressive,1,0,1,0.0
empires,1,0,1,0.0
politics,3,2,1,0.6666666666666666
toward,3,0,3,0.0
turkey,1,0,1,0.0
relates,1,0,1,0.0
divided,1,0,1,0.0
case,10,1,9,0.1
european,4,0,4,0.0
unites,1,0,1,0.0
treat,2,1,1,0.5
judge,3,1,2,0.3333333333333333
heavily,1,0,1,0.0
dysfunctional,1,0,1,0.0
confirming,13,0,13,0.0
un,4,2,2,0.5
lived,2,0,2,0.0
misguided,1,0,1,0.0
hateful,1,0,1,0.0
heavy,2,0,2,0.0
undeniable,1,0,1,0.0
wrong,6,1,5,0.16666666666666666
sanctioned,1,0,1,0.0
groups,1,0,1,0.0
fingers,1,0,1,0.0
existence,1,0,1,0.0
rpgs,1,0,1,0.0
peaceful,2,1,1,0.5
minds,1,0,1,0.0
strongly,1,0,1,0.0
civilian,3,1,2,0.3333333333333333
stream,2,0,2,0.0
blinken,1,0,1,0.0
brings,1,0,1,0.0
operationally,1,0,1,0.0
emboldened,2,0,2,0.0
security,7,1,6,0.14285714285714285
jews,3,1,2,0.3333333333333333
redirecting,1,0,1,0.0
palenstines,1,0,1,0.0
criminals,16,2,14,0.125
budgets,2,0,2,0.0
propaganda,6,0,6,0.0
disgraced,1,0,1,0.0
state,14,2,12,0.14285714285714285
decades,2,0,2,0.0
travel,5,2,3,0.4
whatever,2,0,2,0.0
immoral,1,0,1,0.0
centuries,1,0,1,0.0
worked,1,0,1,0.0
goodness,5,2,3,0.4
determine,1,0,1,0.0
main,2,0,2,0.0
candidates,2,0,2,0.0
moreso,1,0,1,0.0
oppresses,1,0,1,0.0
committing,2,0,2,0.0
damage,3,0,3,0.0
myth,1,0,1,0.0
always,7,4,3,0.5714285714285714
expel,1,0,1,0.0
terrorists,7,0,7,0.0
losses,1,0,1,0.0
backing,1,0,1,0.0
planes,1,0,1,0.0
backed,1,0,1,0.0
game,2,1,1,0.5
perverse,1,0,1,0.0
efficient,1,0,1,0.0
mighty,3,0,3,0.0
merit,1,0,1,0.0
part,9,2,7,0.2222222222222222
continous,1,0,1,0.0
colonial,2,0,2,0.0
learn,2,0,2,0.0
extremists,1,0,1,0.0
officials,2,1,1,0.5
solution,4,1,3,0.25
rest,8,2,6,0.25
wake,12,2,10,0.16666666666666666
safest,1,0,1,0.0
speaking,2,0,2,0.0
regional,1,0,1,0.0
start,3,1,2,0.3333333333333333
spineless,1,0,1,0.0
netanyahu,6,0,6,0.0
exposed,2,0,2,0.0
human,12,1,11,0.08333333333333333
inhumane,1,0,1,0.0
cooked,1,0,1,0.0
catastrophe,2,0,2,0.0
blind,4,0,4,0.0
already,8,1,7,0.125
abuses,1,0,1,0.0
occupied,3,2,1,0.6666666666666666
impedes,1,0,1,0.0
suppresses,1,0,1,0.0
eyes,7,2,5,0.2857142857142857
populations,1,0,1,0.0
hostage,4,2,2,0.5
algeria,2,0,2,0.0
shown,1,0,1,0.0
terrorism,8,1,7,0.125
oppressor,1,0,1,0.0
learnt,1,0,1,0.0
call,10,2,8,0.2
doings,1,0,1,0.0
breaching,1,0,1,0.0
arrived,2,0,2,0.0
visas,1,0,1,0.0
conflict,2,0,2,0.0
evidence,2,0,2,0.0
hearts,5,0,5,0.0
cast,2,0,2,0.0
larger,1,0,1,0.0
abandoning,1,0,1,0.0
enriching,1,0,1,0.0
oppressive,1,0,1,0.0
iraq,4,0,4,0.0
effective,1,0,1,0.0
release,1,0,1,0.0
distortion,1,0,1,0.0
idf,1,0,1,0.0
prosperity,2,0,2,0.0
apartheid,2,1,1,0.5
sustainable,2,1,1,0.5
equipments,1,0,1,0.0
carnage,1,0,1,0.0
truce,2,0,2,0.0
foreigners,7,2,5,0.2857142857142857
assissnations,1,0,1,0.0
build,8,0,8,0.0
resistance,3,1,2,0.3333333333333333
try,8,2,6,0.25
advanced,1,0,1,0.0
cards,2,1,1,0.5
begging,2,0,2,0.0
army,3,0,3,0.0
ongoing,2,0,2,0.0
demonizes,1,0,1,0.0
dictatorial,1,0,1,0.0
resources,3,0,3,0.0
representative,1,0,1,0.0
significantly,1,0,1,0.0
gain,4,1,3,0.25
assassinating,1,0,1,0.0
proven,4,1,3,0.25
persecutes,1,0,1,0.0
ground,1,0,1,0.0
unfair,1,0,1,0.0
fate,1,0,1,0.0
apparatus,1,0,1,0.0
unipolar,1,0,1,0.0
option,1,0,1,0.0
gotten,3,0,3,0.0
glaring,1,0,1,0.0
genocidal,2,0,2,0.0
negotiations,1,0,1,0.0
end,18,2,16,0.1111111111111111
supporting,9,2,7,0.2222222222222222
ears,10,1,9,0.1
dynamics,1,0,1,0.0
indiscriminate,1,0,1,0.0
bombing,5,0,5,0.0
biased,1,0,1,0.0
neighbors,1,0,1,0.0
root,2,0,2,0.0
arab,8,0,8,0.0
suffering,4,0,4,0.0
egypt,1,0,1,0.0
purported,1,0,1,0.0
complicit,4,1,3,0.25
alone,12,0,12,0.0
virtue,1,0,1,0.0
evil,12,0,12,0.0
hypocrisy,3,0,3,0.0
massive,4,0,4,0.0
rolling,2,1,1,0.5
dice,1,0,1,0.0
jew,1,0,1,0.0
industrial,2,1,1,0.5
terrorizing,1,0,1,0.0
scenes,1,0,1,0.0
extremely,1,0,1,0.0
turns,5,0,5,0.0
increasing,2,1,1,0.5
temporary,3,1,2,0.3333333333333333
extremist,4,0,4,0.0
enemies,3,0,3,0.0
bombs,6,0,6,0.0
influence,1,0,1,0.0
severe,2,0,2,0.0
fallen,1,0,1,0.0
peace,27,4,23,0.14814814814814814
expenditure,1,0,1,0.0
dictated,1,0,1,0.0
decide,5,1,4,0.2
sanctions,1,0,1,0.0
europe,3,0,3,0.0
hostages,4,0,4,0.0
ships,11,0,11,0.0
addition,2,1,1,0.5
cognitively,1,0,1,0.0
affiliates,1,0,1,0.0
expect,2,0,2,0.0
journalists,5,0,5,0.0
oppressed,2,1,1,0.5
aggressive,2,0,2,0.0
abuse,1,0,1,0.0
invincible,1,0,1,0.0
dare,2,1,1,0.5
focusing,2,1,1,0.5
trips,1,0,1,0.0
settlement,1,0,1,0.0
supplying,1,0,1,0.0
hegemony,1,0,1,0.0
vain,1,0,1,0.0
eventually,1,0,1,0.0
tensions,2,1,1,0.5
upheld,1,0,1,0.0
racist,4,2,2,0.5
cowardness,1,0,1,0.0
fueled,1,0,1,0.0
invincibility,1,0,1,0.0
preach,1,0,1,0.0
others,4,1,3,0.25
friends,4,2,2,0.5
unrealistic,1,0,1,0.0
ammunition,2,1,1,0.5
complex,2,1,1,0.5
witnesses,1,0,1,0.0
behind,8,2,6,0.25
choked,1,0,1,0.0
starvation,1,0,1,0.0
deficient,1,0,1,0.0
sovereignty,2,0,2,0.0
advancement,1,0,1,0.0
shamefully,1,0,1,0.0
increasingly,1,0,1,0.0
morally,1,0,1,0.0
national,4,0,4,0.0
inspite,1,0,1,0.0
diverse,1,0,1,0.0
ease,1,0,1,0.0
dynasties,1,0,1,0.0
hatred,2,0,2,0.0
ways,3,1,2,0.3333333333333333
causes,1,0,1,0.0
weaker,1,0,1,0.0
settlements,3,1,2,0.3333333333333333
refused,2,0,2,0.0
envoys,1,0,1,0.0
unimarginable,1,0,1,0.0
elect,6,1,5,0.16666666666666666
treats,1,0,1,0.0
posture,1,0,1,0.0
direct,5,2,3,0.4
vietnam,1,0,1,0.0
bench,1,0,1,0.0
isolation,1,0,1,0.0
crumble,1,0,1,0.0
bomb,2,1,1,0.5
republic,2,2,0,1.0
chief,11,3,8,0.2727272727272727
victory,5,2,3,0.4
describe,1,0,1,0.0
biggest,5,1,4,0.2
threat,8,0,8,0.0
criminal,12,1,11,0.08333333333333333
funny,4,1,3,0.25
timers,1,0,1,0.0
overrunning,1,0,1,0.0
gives,8,0,8,0.0
chaos,9,0,9,0.0
placing,1,0,1,0.0
replaced,1,0,1,0.0
putting,2,0,2,0.0
aliens,7,1,6,0.14285714285714285
unfathomable,2,1,1,0.5
places,1,0,1,0.0
anymore,6,2,4,0.3333333333333333
illegals,18,4,14,0.2222222222222222
danger,3,1,2,0.3333333333333333
organic,1,0,1,0.0
certainly,21,1,20,0.047619047619047616
toxic,2,0,2,0.0
kenya,2,1,1,0.5
page,8,3,5,0.375
p,2,1,1,0.5
trickle,1,0,1,0.0
اكل,1,1,0,1.0
تبن,1,1,0,1.0
يمعود,1,1,0,1.0
combating,1,1,0,1.0
developing,1,1,0,1.0
sponsor,1,1,0,1.0
experience,2,2,0,1.0
industry,3,1,2,0.3333333333333333
someone,11,3,8,0.2727272727272727
fired,1,0,1,0.0
wan,3,2,1,0.6666666666666666
na,6,1,5,0.16666666666666666
destroyed,10,4,6,0.4
ask,8,2,6,0.25
bed,1,0,1,0.0
therefore,5,1,4,0.2
jb,2,0,2,0.0
fu,1,0,1,0.0
absolutely,4,2,2,0.5
hates,3,0,3,0.0
intentional,1,0,1,0.0
freedom,10,2,8,0.2
incompetence,2,0,2,0.0
soul,2,0,2,0.0
emptiness,1,0,1,0.0
loves,5,2,3,0.4
hell,7,0,7,0.0
rishi,1,0,1,0.0
benjamin,1,0,1,0.0
netanyahou,1,0,1,0.0
sunak,2,0,2,0.0
returned,3,1,2,0.3333333333333333
believes,4,0,4,0.0
foolish,1,0,1,0.0
pandemic,7,0,7,0.0
je,1,1,0,1.0
excellent,3,2,1,0.6666666666666666
otherwise,2,0,2,0.0
body,2,0,2,0.0
happing,1,0,1,0.0
reply,1,0,1,0.0
inside,3,1,2,0.3333333333333333
broken,1,0,1,0.0
die,6,0,6,0.0
dr,4,3,1,0.75
local,2,0,2,0.0
coming,15,4,11,0.26666666666666666
pray,3,1,2,0.3333333333333333
authority,2,0,2,0.0
lied,6,2,4,0.3333333333333333
sooner,2,2,0,1.0
later,2,1,1,0.5
pocketbook,1,1,0,1.0
dissolve,1,0,1,0.0
iowa,5,3,2,0.6
soon,6,0,6,0.0
universe,2,1,1,0.5
alternative,1,1,0,1.0
picture,3,0,3,0.0
none,6,0,6,0.0
posts,5,0,5,0.0
fake,11,1,10,0.09090909090909091
morals,1,0,1,0.0
community,10,0,10,0.0
dearborn,1,0,1,0.0
rather,5,0,5,0.0
cornell,1,0,1,0.0
michigan,2,0,2,0.0
dropout,1,0,1,0.0
gave,10,3,7,0.3
finger,1,0,1,0.0
charge,2,1,1,0.5
hardworking,2,2,0,1.0
genius,2,2,0,1.0
brave,3,3,0,1.0
stunning,1,1,0,1.0
posted,3,1,2,0.3333333333333333
intern,1,0,1,0.0
cat,1,0,1,0.0
nazione,1,0,1,0.0
va,2,0,2,0.0
non,2,0,2,0.0
è,2,0,2,0.0
bene,1,0,1,0.0
guarda,1,0,1,0.0
ridotta,1,0,1,0.0
participar,1,0,1,0.0
soy,1,0,1,0.0
el,8,0,8,0.0
pueden,1,0,1,0.0
mejor,1,0,1,0.0
bionico,1,0,1,0.0
cientifico,1,0,1,0.0
tecnologia,1,0,1,0.0
historia,1,0,1,0.0
treaty,1,1,0,1.0
operation,2,2,0,1.0
joint,1,1,0,1.0
troops,4,1,3,0.25
resolution,1,1,0,1.0
deployed,1,1,0,1.0
atlantic,1,1,0,1.0
center,4,1,3,0.25
welfare,2,2,0,1.0
north,17,3,14,0.17647058823529413
connected,2,1,1,0.5
organization,6,3,3,0.5
annex,1,1,0,1.0
nato,1,1,0,1.0
calling,5,1,4,0.2
dirty,2,1,1,0.5
humans,2,0,2,0.0
needs,7,1,6,0.14285714285714285
machinery,1,0,1,0.0
américas,1,0,1,0.0
humble,2,0,2,0.0
u,10,1,9,0.1
told,3,2,1,0.6666666666666666
union,4,1,3,0.25
dont,3,0,3,0.0
ya,3,1,2,0.3333333333333333
guy,6,2,4,0.3333333333333333
shame,5,0,5,0.0
presidency,5,3,2,0.6
dictator,6,1,5,0.16666666666666666
term,9,3,6,0.3333333333333333
handing,2,1,1,0.5
claim,11,5,6,0.45454545454545453
taking,11,3,8,0.2727272727272727
housing,4,1,3,0.25
fault,2,1,1,0.5
figure,2,1,1,0.5
sooo,3,0,3,0.0
pathetic,4,0,4,0.0
paid,6,0,6,0.0
propagandized,1,1,0,1.0
facts,6,2,4,0.3333333333333333
deplorables,1,1,0,1.0
correct,2,1,1,0.5
amongst,1,1,0,1.0
sane,2,2,0,1.0
electorate,2,1,1,0.5
path,5,1,4,0.2
وجه,1,0,1,0.0
النعال,1,0,1,0.0
دنجب,1,0,1,0.0
open,12,4,8,0.3333333333333333
guess,3,0,3,0.0
youre,1,0,1,0.0
became,1,0,1,0.0
clue,2,0,2,0.0
thriving,1,0,1,0.0
interest,13,1,12,0.07692307692307693
signs,7,1,6,0.14285714285714285
track,2,0,2,0.0
rates,14,3,11,0.21428571428571427
geriatric,1,0,1,0.0
pos,5,0,5,0.0
dishonest,2,0,2,0.0
invasion,2,0,2,0.0
slavery,1,0,1,0.0
cartels,2,0,2,0.0
southern,14,1,13,0.07142857142857142
unusual,1,0,1,0.0
flowing,1,0,1,0.0
mayorkas,1,0,1,0.0
slowing,1,0,1,0.0
dems,3,0,3,0.0
drugs,8,0,8,0.0
dislocations,1,0,1,0.0
homeland,2,1,1,0.5
picking,1,0,1,0.0
tab,1,0,1,0.0
surging,2,0,2,0.0
taxpayers,5,0,5,0.0
trafficking,2,0,2,0.0
throughout,4,2,2,0.5
month,10,0,10,0.0
migrants,3,0,3,0.0
adding,2,0,2,0.0
wide,4,1,3,0.25
immigration,8,1,7,0.125
hardships,1,0,1,0.0
rot,1,0,1,0.0
brandon,6,4,2,0.6666666666666666
four,7,3,4,0.42857142857142855
possibly,1,0,1,0.0
bidens,4,1,3,0.25
thinks,4,2,2,0.5
ev,5,1,4,0.2
clueless,1,0,1,0.0
car,4,0,4,0.0
manufacturing,7,2,5,0.2857142857142857
broke,4,2,2,0.5
motto,1,0,1,0.0
crap,4,1,3,0.25
diaper,2,1,1,0.5
goes,5,4,1,0.8
thru,1,1,0,1.0
keeps,2,1,1,0.5
kaput,1,1,0,1.0
credibility,2,1,1,0.5
despite,2,1,1,0.5
stores,1,0,1,0.0
loosing,2,0,2,0.0
yeah,9,4,5,0.4444444444444444
suddenly,2,0,2,0.0
happens,1,0,1,0.0
choice,5,0,5,0.0
couple,1,0,1,0.0
dnc,1,0,1,0.0
primary,1,0,1,0.0
stake,1,0,1,0.0
wo,3,0,3,0.0
late,1,0,1,0.0
party,9,0,9,0.0
withdraw,9,0,9,0.0
debating,1,1,0,1.0
haley,1,1,0,1.0
michael,1,1,0,1.0
bullcrap,1,0,1,0.0
incapable,1,0,1,0.0
staples,1,1,0,1.0
supply,1,1,0,1.0
flashing,1,1,0,1.0
cars,2,1,1,0.5
huge,4,2,2,0.5
went,8,2,6,0.25
different,2,2,0,1.0
shortages,1,1,0,1.0
eggs,1,1,0,1.0
cost,12,2,10,0.16666666666666666
increased,1,1,0,1.0
gasoline,2,1,1,0.5
warning,3,2,1,0.6666666666666666
used,4,3,1,0.75
week,5,1,4,0.2
meat,1,1,0,1.0
closed,6,1,5,0.16666666666666666
fill,1,0,1,0.0
modern,9,1,8,0.1111111111111111
farce,1,0,1,0.0
taxpayer,4,0,4,0.0
smoke,2,1,1,0.5
buy,12,0,12,0.0
mirrors,2,1,1,0.5
desperate,1,0,1,0.0
crph,1,1,0,1.0
aung,1,1,0,1.0
hlaing,1,1,0,1.0
nug,1,1,0,1.0
team,2,2,0,1.0
culprit,1,1,0,1.0
practice,1,1,0,1.0
min,2,1,1,0.5
cdm,1,1,0,1.0
myanmar,1,1,0,1.0
asean,1,1,0,1.0
su,1,1,0,1.0
unwanted,1,1,0,1.0
senile,4,0,4,0.0
sell,14,2,12,0.14285714285714285
sleepy,6,3,3,0.5
disgrace,3,0,3,0.0
yemen,10,0,10,0.0
crossing,3,0,3,0.0
protesters,1,0,1,0.0
completely,6,1,5,0.16666666666666666
storm,2,0,2,0.0
sex,3,0,3,0.0
thousands,5,1,4,0.2
arms,3,0,3,0.0
capacity,3,0,3,0.0
list,5,1,4,0.2
hundreds,2,1,1,0.5
borders,17,2,15,0.11764705882352941
pathological,1,0,1,0.0
crazy,2,0,2,0.0
bribes,1,0,1,0.0
fast,3,1,2,0.3333333333333333
leaving,1,0,1,0.0
moved,1,0,1,0.0
stretching,1,0,1,0.0
respecting,1,0,1,0.0
liar,20,0,20,0.0
tens,3,1,2,0.3333333333333333
illegally,3,0,3,0.0
hunter,8,5,3,0.625
fool,5,2,3,0.4
trade,2,0,2,0.0
hezbollah,2,0,2,0.0
fentanyl,4,0,4,0.0
putin,4,2,2,0.5
grant,3,1,2,0.3333333333333333
strengthen,3,2,1,0.6666666666666666
miska,1,1,0,1.0
success,1,1,0,1.0
jordan,1,1,0,1.0
ahmed,1,1,0,1.0
rent,8,0,8,0.0
meals,1,0,1,0.0
luxury,1,0,1,0.0
crooked,2,0,2,0.0
breaks,2,0,2,0.0
eye,2,1,1,0.5
hotel,1,0,1,0.0
interview,2,0,2,0.0
shell,1,1,0,1.0
dc,6,3,3,0.5
kiss,1,1,0,1.0
cronies,1,1,0,1.0
company,3,1,2,0.3333333333333333
elite,1,1,0,1.0
battery,1,1,0,1.0
yesterday,6,2,4,0.3333333333333333
goodbye,2,1,1,0.5
hurt,2,0,2,0.0
benifte,1,0,1,0.0
losing,6,1,5,0.16666666666666666
partner,4,0,4,0.0
seems,5,1,4,0.2
image,3,0,3,0.0
believing,3,1,2,0.3333333333333333
governors,2,1,1,0.5
misconstrued,1,0,1,0.0
covid,10,1,9,0.1
shut,7,2,5,0.2857142857142857
funnel,1,0,1,0.0
killer,6,1,5,0.16666666666666666
unaffordable,1,0,1,0.0
percentage,1,0,1,0.0
measured,2,0,2,0.0
totally,3,1,2,0.3333333333333333
suppressed,2,0,2,0.0
ruled,1,0,1,0.0
filter,1,0,1,0.0
admin,3,0,3,0.0
feedback,1,0,1,0.0
amendment,2,0,2,0.0
facebook,6,2,4,0.3333333333333333
violated,1,0,1,0.0
scotus,1,0,1,0.0
clown,5,1,4,0.2
taught,3,1,2,0.3333333333333333
pigs,1,0,1,0.0
hoodwinking,1,0,1,0.0
master,3,1,2,0.3333333333333333
ji,1,1,0,1.0
ganga,1,1,0,1.0
purpose,9,1,8,0.1111111111111111
rampal,1,1,0,1.0
maharaj,1,1,0,1.0
book,1,1,0,1.0
makes,7,3,4,0.42857142857142855
spiritual,1,1,0,1.0
sant,1,1,0,1.0
gyan,1,1,0,1.0
key,1,1,0,1.0
link,13,2,11,0.15384615384615385
taliban,1,1,0,1.0
korea,3,3,0,1.0
roof,4,1,3,0.25
running,5,1,4,0.2
violent,9,1,8,0.1111111111111111
fjb,16,1,15,0.0625
business,11,3,8,0.2727272727272727
browser,1,0,1,0.0
strange,9,0,9,0.0
weird,1,0,1,0.0
frightened,1,0,1,0.0
alien,6,0,6,0.0
terrified,1,0,1,0.0
rabbit,1,0,1,0.0
citigroup,1,0,1,0.0
hopefully,2,0,2,0.0
sorry,2,0,2,0.0
pack,1,0,1,0.0
compare,2,1,1,0.5
vehicle,1,0,1,0.0
trumps,1,0,1,0.0
shows,3,1,2,0.3333333333333333
ready,3,0,3,0.0
smarter,1,0,1,0.0
bigger,1,0,1,0.0
take,17,4,13,0.23529411764705882
kamala,4,0,4,0.0
landslide,1,0,1,0.0
highs,1,0,1,0.0
duped,1,0,1,0.0
shucks,1,0,1,0.0
bags,1,0,1,0.0
quality,1,0,1,0.0
cutting,2,0,2,0.0
sent,4,0,4,0.0
bypassed,1,0,1,0.0
slaughtered,2,0,2,0.0
facilitate,2,0,2,0.0
accepts,1,0,1,0.0
entry,1,0,1,0.0
sandwiched,1,0,1,0.0
engineers,1,0,1,0.0
english,4,1,3,0.25
california,3,1,2,0.3333333333333333
immigrants,6,1,5,0.16666666666666666
achieved,3,1,2,0.3333333333333333
nagano,1,0,1,0.0
mexican,1,0,1,0.0
shortage,1,0,1,0.0
mainland,1,0,1,0.0
laborers,1,0,1,0.0
parts,10,0,10,0.0
allied,1,0,1,0.0
society,1,0,1,0.0
integrate,1,0,1,0.0
accepting,1,0,1,0.0
proposal,1,0,1,0.0
eliminate,2,0,2,0.0
worker,3,0,3,0.0
isolated,1,0,1,0.0
yasuhiro,1,0,1,0.0
compete,1,0,1,0.0
factory,2,0,2,0.0
regular,1,0,1,0.0
specialzoneonthemexicanborder,1,0,1,0.0
spanish,1,0,1,0.0
general,9,1,8,0.1111111111111111
fact,13,2,11,0.15384615384615385
accepted,2,0,2,0.0
building,2,1,1,0.5
status,1,0,1,0.0
area,2,0,2,0.0
called,12,3,9,0.25
production,1,0,1,0.0
temporaryimmigration,1,0,1,0.0
accept,2,0,2,0.0
concept,1,0,1,0.0
australia,1,0,1,0.0
loses,2,0,2,0.0
central,3,0,3,0.0
immigrant,1,0,1,0.0
acknowledged,1,0,1,0.0
special,2,1,1,0.5
excuse,3,0,3,0.0
appeal,2,0,2,0.0
illegalimmigration,1,0,1,0.0
except,6,1,5,0.16666666666666666
factories,4,2,2,0.5
walls,3,1,2,0.3333333333333333
lifestyle,1,0,1,0.0
currently,2,0,2,0.0
gate,1,0,1,0.0
learning,2,1,1,0.5
scout,1,0,1,0.0
zones,1,0,1,0.0
ignoring,1,0,1,0.0
enter,2,0,2,0.0
zone,1,0,1,0.0
impossible,1,0,1,0.0
limited,2,0,2,0.0
disturbed,1,0,1,0.0
front,4,2,2,0.5
courage,2,2,0,1.0
takes,4,1,3,0.25
flooded,1,0,1,0.0
uphold,2,0,2,0.0
depended,1,0,1,0.0
suppose,1,0,1,0.0
oil,1,0,1,0.0
continuously,1,0,1,0.0
poverty,4,1,3,0.25
wharton,1,0,1,0.0
analysis,3,0,3,0.0
budget,1,0,1,0.0
producer,1,0,1,0.0
progressive,1,0,1,0.0
reckless,2,1,1,0.5
socialist,2,0,2,0.0
penn,1,0,1,0.0
statistics,5,0,5,0.0
monetary,1,0,1,0.0
model,1,0,1,0.0
concludes,1,0,1,0.0
consumer,2,0,2,0.0
leftist,1,0,1,0.0
falling,1,0,1,0.0
declining,1,0,1,0.0
standards,2,0,2,0.0
reported,2,0,2,0.0
liberal,1,0,1,0.0
quote,1,0,1,0.0
near,7,0,7,0.0
bureau,5,1,4,0.2
radical,1,0,1,0.0
fiscal,2,0,2,0.0
resulted,1,0,1,0.0
ranking,2,0,2,0.0
entered,9,1,8,0.1111111111111111
handlers,2,0,2,0.0
generating,1,0,1,0.0
per,6,0,6,0.0
causing,1,0,1,0.0
poorer,2,0,2,0.0
cops,1,0,1,0.0
example,5,2,3,0.4
perfect,8,0,8,0.0
immunity,1,0,1,0.0
anyways,1,0,1,0.0
manage,1,0,1,0.0
healthcare,9,0,9,0.0
andnl,1,0,1,0.0
teeth,1,0,1,0.0
nvidia,1,0,1,0.0
grand,12,0,12,0.0
bill,4,1,3,0.25
self,2,0,2,0.0
pump,1,0,1,0.0
offshore,1,0,1,0.0
coverage,1,0,1,0.0
base,2,0,2,0.0
voter,2,0,2,0.0
comical,1,0,1,0.0
polls,4,0,4,0.0
dementia,4,0,4,0.0
services,9,1,8,0.1111111111111111
bring,6,2,4,0.3333333333333333
virus,2,0,2,0.0
returning,2,1,1,0.5
january,10,1,9,0.1
grief,1,0,1,0.0
commander,2,0,2,0.0
layoffs,2,0,2,0.0
stain,1,0,1,0.0
unless,5,0,5,0.0
goods,2,0,2,0.0
payer,1,0,1,0.0
payers,3,0,3,0.0
rael,1,0,1,0.0
protecting,2,0,2,0.0
costing,1,0,1,0.0
expense,1,0,1,0.0
guardian,1,0,1,0.0
merican,1,0,1,0.0
works,6,0,6,0.0
brink,1,1,0,1.0
commercial,1,0,1,0.0
weeks,2,1,1,0.5
officially,9,1,8,0.1111111111111111
immediately,1,0,1,0.0
worse,7,0,7,0.0
attacking,3,1,2,0.3333333333333333
terror,3,0,3,0.0
organizations,2,0,2,0.0
designated,1,0,1,0.0
move,3,1,2,0.3333333333333333
designation,1,0,1,0.0
restored,2,1,1,0.5
thanx,1,0,1,0.0
carter,3,2,1,0.6666666666666666
armed,2,0,2,0.0
continue,5,0,5,0.0
meanwhile,5,0,5,0.0
overwhelm,1,0,1,0.0
agents,2,0,2,0.0
popular,2,1,1,0.5
jimmy,3,2,1,0.6666666666666666
gotaways,1,0,1,0.0
shatter,2,0,2,0.0
historic,2,0,2,0.0
happening,3,0,3,0.0
trigger,1,0,1,0.0
loss,3,1,2,0.3333333333333333
banks,2,0,2,0.0
reserve,4,0,4,0.0
payments,2,0,2,0.0
operating,1,0,1,0.0
unliven,1,0,1,0.0
owm,1,0,1,0.0
line,2,1,1,0.5
jenocide,1,0,1,0.0
iaraels,1,0,1,0.0
starving,3,0,3,0.0
milliom,1,0,1,0.0
ideas,2,0,2,0.0
stupid,10,0,10,0.0
lousy,1,0,1,0.0
door,1,0,1,0.0
secretary,2,0,2,0.0
defense,5,0,5,0.0
mia,1,0,1,0.0
imbecile,1,0,1,0.0
step,3,0,3,0.0
wanted,18,5,13,0.2777777777777778
finished,1,1,0,1.0
jesus,2,2,0,1.0
terms,1,1,0,1.0
barack,2,1,1,0.5
الأعراف,3,0,3,0.0
official,23,0,23,0.0
arctic,12,0,12,0.0
lord,21,1,20,0.047619047619047616
verily,4,0,4,0.0
centers,5,0,5,0.0
watching,12,1,11,0.08333333333333333
sudden,4,0,4,0.0
vocalize,3,0,3,0.0
ad,22,0,22,0.0
mahdi,22,0,22,0.0
stones,3,0,3,0.0
worlds,19,0,19,0.0
fuel,4,0,4,0.0
ratifies,3,0,3,0.0
following,5,1,4,0.2
actual,3,0,3,0.0
indeed,10,0,10,0.0
sins,3,0,3,0.0
planet,20,0,20,0.0
earth,16,0,16,0.0
according,25,0,25,0.0
flee,3,0,3,0.0
testify,3,0,3,0.0
allah,24,2,22,0.08333333333333333
else,9,1,8,0.1111111111111111
click,13,1,12,0.07692307692307693
imam,22,0,22,0.0
heavens,5,0,5,0.0
grievous,12,0,12,0.0
season,6,1,5,0.16666666666666666
surely,19,0,19,0.0
thewarningmoonisover,18,0,18,0.0
reminder,3,0,3,0.0
mohammad,20,0,20,0.0
members,4,1,3,0.25
obscure,3,0,3,0.0
الله,18,0,18,0.0
whose,6,0,6,0.0
prose,3,0,3,0.0
poetry,3,0,3,0.0
سورة,21,0,21,0.0
whoever,6,0,6,0.0
worthy,3,0,3,0.0
weather,7,1,6,0.14285714285714285
guide,4,0,4,0.0
towns,20,0,20,0.0
advisor,3,0,3,0.0
alakhra,3,0,3,0.0
guides,3,0,3,0.0
jan,4,0,4,0.0
hellish,3,0,3,0.0
heat,4,0,4,0.0
nasser,26,0,26,0.0
certainty,3,0,3,0.0
northern,5,0,5,0.0
forecasts,3,0,3,0.0
subduer,3,0,3,0.0
arfã,3,0,3,0.0
raise,4,0,4,0.0
widespread,4,0,4,0.0
turn,8,0,8,0.0
العظيم,18,0,18,0.0
arrogant,4,0,4,0.0
seeing,4,1,3,0.25
khalifa,19,0,19,0.0
science,3,0,3,0.0
block,3,0,3,0.0
though,4,1,3,0.25
decisive,11,0,11,0.0
approaching,12,0,12,0.0
estimate,3,0,3,0.0
arabia,5,0,5,0.0
servant,5,0,5,0.0
duty,6,0,6,0.0
ah,20,0,20,0.0
thermal,5,0,5,0.0
refuses,5,0,5,0.0
saqar,20,0,20,0.0
approach,3,0,3,0.0
statement,10,0,10,0.0
quran,11,0,11,0.0
seven,4,0,4,0.0
pole,13,0,13,0.0
exaggerating,3,0,3,0.0
narration,3,0,3,0.0
messengers,18,0,18,0.0
temperature,5,0,5,0.0
kingdom,4,0,4,0.0
bear,4,0,4,0.0
forgive,4,0,4,0.0
inhabitants,3,0,3,0.0
صدق,18,0,18,0.0
worship,4,1,3,0.25
mother,24,0,24,0.0
reflect,3,0,3,0.0
cigarette,3,0,3,0.0
devoted,3,0,3,0.0
hoping,4,0,4,0.0
jamad,18,0,18,0.0
respond,3,0,3,0.0
regarding,11,0,11,0.0
winter,15,1,14,0.06666666666666667
degrees,4,0,4,0.0
الأنبياء,13,0,13,0.0
repenting,3,0,3,0.0
meteorology,3,0,3,0.0
gates,5,1,4,0.2
issued,3,0,3,0.0
mecca,20,0,20,0.0
narrative,4,0,4,0.0
specialization,3,0,3,0.0
sky,7,0,7,0.0
chastisement,10,0,10,0.0
النمل,3,0,3,0.0
core,1,0,1,0.0
massacred,1,0,1,0.0
ceasefirenow,3,0,3,0.0
covered,4,1,3,0.25
act,4,1,3,0.25
snow,5,0,5,0.0
solar,4,0,4,0.0
helping,8,2,6,0.25
reduction,1,0,1,0.0
frigid,1,0,1,0.0
freezing,1,0,1,0.0
turbines,1,0,1,0.0
indicates,2,0,2,0.0
approve,3,0,3,0.0
invalid,1,0,1,0.0
inquiry,1,0,1,0.0
complicity,3,1,2,0.3333333333333333
apps,1,0,1,0.0
impeachment,2,0,2,0.0
explore,2,0,2,0.0
fox,3,0,3,0.0
http,3,0,3,0.0
western,3,3,0,1.0
punish,1,1,0,1.0
fail,4,2,2,0.5
wage,2,0,2,0.0
hooray,1,0,1,0.0
lol,8,2,6,0.25
infront,2,2,0,1.0
victim,3,2,1,0.6666666666666666
terrible,6,0,6,0.0
bumpy,1,0,1,0.0
overall,3,0,3,0.0
drive,1,0,1,0.0
boosted,1,0,1,0.0
slow,3,1,2,0.3333333333333333
rents,1,0,1,0.0
december,4,0,4,0.0
citing,1,0,1,0.0
voters,7,1,6,0.14285714285714285
boys,1,0,1,0.0
liability,1,0,1,0.0
kill,7,1,6,0.14285714285714285
imagine,2,1,1,0.5
knock,1,0,1,0.0
complicitly,1,0,1,0.0
dirt,1,0,1,0.0
stops,2,0,2,0.0
small,7,1,6,0.14285714285714285
vegetable,2,0,2,0.0
babble,1,0,1,0.0
shuffled,1,0,1,0.0
wary,1,0,1,0.0
joeymannarinous,1,0,1,0.0
switzerland,1,0,1,0.0
run,7,3,4,0.42857142857142855
indefinitely,1,0,1,0.0
zelenskyy,1,0,1,0.0
representatives,1,0,1,0.0
meeting,4,1,3,0.25
half,5,0,5,0.0
yes,4,0,4,0.0
fist,1,0,1,0.0
hosted,1,0,1,0.0
negotiating,1,0,1,0.0
ukrainians,1,0,1,0.0
deal,2,0,2,0.0
buffoon,2,2,0,1.0
greater,3,0,3,0.0
responding,1,0,1,0.0
empire,1,0,1,0.0
index,1,0,1,0.0
fell,1,0,1,0.0
activity,3,1,2,0.3333333333333333
headline,1,0,1,0.0
sharply,1,0,1,0.0
points,1,0,1,0.0
dropped,2,0,2,0.0
firms,1,0,1,0.0
survey,3,0,3,0.0
data,1,0,1,0.0
york,2,0,2,0.0
caucus,3,2,1,0.6666666666666666
numbered,2,1,1,0.5
poorest,1,0,1,0.0
cheese,1,0,1,0.0
meaningless,1,0,1,0.0
pace,1,0,1,0.0
impace,1,0,1,0.0
focus,3,0,3,0.0
swiss,1,0,1,0.0
bad,8,2,6,0.25
dream,6,1,5,0.16666666666666666
ran,1,0,1,0.0
wonder,5,1,4,0.2
despise,1,0,1,0.0
mess,2,0,2,0.0
close,8,4,4,0.5
notice,3,2,1,0.6666666666666666
veterans,2,1,1,0.5
zionists,5,2,3,0.4
masters,1,1,0,1.0
sun,3,1,2,0.3333333333333333
libra,2,2,0,1.0
chase,1,1,0,1.0
ford,1,1,0,1.0
snl,1,1,0,1.0
gerald,1,1,0,1.0
chevy,1,1,0,1.0
movie,2,2,0,1.0
resign,4,0,4,0.0
caused,4,2,2,0.5
countless,1,0,1,0.0
ai,1,0,1,0.0
photoshopped,1,0,1,0.0
sht,1,0,1,0.0
favor,4,0,4,0.0
independent,4,0,4,0.0
uncivil,1,0,1,0.0
propose,1,0,1,0.0
follow,6,2,4,0.3333333333333333
hits,3,1,2,0.3333333333333333
tops,1,1,0,1.0
harder,3,1,2,0.3333333333333333
float,1,0,1,0.0
magical,1,0,1,0.0
previous,3,1,2,0.3333333333333333
conflicts,1,0,1,0.0
flood,2,0,2,0.0
engulfing,1,0,1,0.0
letting,1,0,1,0.0
erase,1,0,1,0.0
enjoy,3,3,0,1.0
bloodbath,1,0,1,0.0
cnn,2,0,2,0.0
entrance,1,0,1,0.0
legitimately,1,0,1,0.0
jill,2,2,0,1.0
puddin,1,1,0,1.0
ice,1,1,0,1.0
lots,3,1,2,0.3333333333333333
cream,1,1,0,1.0
awaits,3,2,1,0.6666666666666666
laughingstock,2,0,2,0.0
mentally,2,0,2,0.0
persecute,1,0,1,0.0
retirements,1,0,1,0.0
ruin,1,0,1,0.0
fit,2,0,2,0.0
fraud,5,0,5,0.0
worthless,5,0,5,0.0
collapse,2,0,2,0.0
rid,3,1,2,0.3333333333333333
pipeline,2,0,2,0.0
mortgage,3,1,2,0.3333333333333333
las,4,0,4,0.0
vegas,1,0,1,0.0
sits,2,0,2,0.0
november,9,0,9,0.0
wait,10,0,10,0.0
donald,14,6,8,0.42857142857142855
j,1,1,0,1.0
derailing,1,0,1,0.0
collapsing,1,0,1,0.0
trains,1,0,1,0.0
pipes,1,0,1,0.0
chemicals,1,0,1,0.0
climbing,1,0,1,0.0
contaminating,1,0,1,0.0
hated,9,0,9,0.0
akhera,15,0,15,0.0
cause,19,0,19,0.0
messages,7,0,7,0.0
brother,10,2,8,0.2
confused,7,0,7,0.0
curse,8,0,8,0.0
insists,7,0,7,0.0
judgment,7,0,7,0.0
unjust,7,0,7,0.0
truthful,16,1,15,0.0625
exalted,7,0,7,0.0
placed,7,0,7,0.0
physics,7,0,7,0.0
although,8,0,8,0.0
muslims,10,1,9,0.1
promised,19,2,17,0.10526315789473684
steadfast,7,0,7,0.0
light,21,2,19,0.09523809523809523
issue,9,0,9,0.0
extinguish,15,0,15,0.0
passage,7,0,7,0.0
fatwa,7,0,7,0.0
greatly,7,0,7,0.0
transgressed,7,0,7,0.0
submitting,7,0,7,0.0
begins,9,0,9,0.0
till,7,0,7,0.0
summer,11,0,11,0.0
forges,7,0,7,0.0
filled,8,0,8,0.0
liars,7,0,7,0.0
comprehend,8,0,8,0.0
succeeds,7,0,7,0.0
prevail,7,0,7,0.0
attack,3,1,2,0.3333333333333333
solely,1,0,1,0.0
least,4,2,2,0.5
buckle,1,1,0,1.0
single,4,1,3,0.25
appreciation,3,2,1,0.6666666666666666
pronounce,2,1,1,0.5
literally,1,0,1,0.0
abject,1,0,1,0.0
namesake,1,0,1,0.0
ruining,1,0,1,0.0
n,3,2,1,0.6666666666666666
illegalies,1,1,0,1.0
incarcerate,1,0,1,0.0
impeach,1,0,1,0.0
convict,1,0,1,0.0
typical,2,0,2,0.0
accounted,1,0,1,0.0
mire,1,0,1,0.0
sinking,1,0,1,0.0
slowcession,1,0,1,0.0
definition,2,1,1,0.5
changed,1,0,1,0.0
yea,2,0,2,0.0
ridiculously,1,0,1,0.0
pedophiles,1,0,1,0.0
invaders,1,0,1,0.0
twice,2,1,1,0.5
hilarious,2,2,0,1.0
imprisoned,2,0,2,0.0
blood,5,1,4,0.2
pedophile,3,0,3,0.0
pervert,3,0,3,0.0
hammer,1,0,1,0.0
looked,1,0,1,0.0
regain,1,0,1,0.0
memory,1,0,1,0.0
standing,3,1,2,0.3333333333333333
wearing,1,0,1,0.0
vest,1,0,1,0.0
bulletproof,1,0,1,0.0
head,2,0,2,0.0
imagined,1,0,1,0.0
five,5,0,5,0.0
pauline,1,0,1,0.0
absorb,1,0,1,0.0
helps,1,1,0,1.0
cartel,1,1,0,1.0
finance,2,2,0,1.0
unemployment,4,3,1,0.75
retirement,4,0,4,0.0
opening,1,1,0,1.0
pattern,1,0,1,0.0
à,2,0,2,0.0
fière,1,0,1,0.0
l,5,2,3,0.4
être,2,0,2,0.0
hui,1,0,1,0.0
monde,1,0,1,0.0
irlande,1,0,1,0.0
peut,1,0,1,0.0
du,1,0,1,0.0
aujourd,1,0,1,0.0
sud,1,0,1,0.0
afrique,1,0,1,0.0
incoming,1,1,0,1.0
alert,1,1,0,1.0
triggered,1,1,0,1.0
trumpers,1,1,0,1.0
difficulties,1,0,1,0.0
mike,2,0,2,0.0
capitalist,1,0,1,0.0
hancock,1,0,1,0.0
supermarket,1,0,1,0.0
healthy,1,0,1,0.0
license,1,0,1,0.0
study,1,0,1,0.0
uncle,1,0,1,0.0
question,5,1,4,0.2
acupuncture,1,0,1,0.0
acquire,1,0,1,0.0
crook,3,1,2,0.3333333333333333
austin,1,0,1,0.0
employees,3,0,3,0.0
laid,10,0,10,0.0
tech,1,0,1,0.0
google,2,0,2,0.0
unionizing,1,0,1,0.0
shortly,1,0,1,0.0
checks,1,0,1,0.0
belong,1,0,1,0.0
cash,4,1,3,0.25
writing,2,1,1,0.5
hey,5,0,5,0.0
kool,1,0,1,0.0
drinkers,1,0,1,0.0
faster,1,0,1,0.0
ukraines,1,0,1,0.0
genocidejoe,2,0,2,0.0
sort,6,0,6,0.0
النحل,11,0,11,0.0
harm,8,0,8,0.0
الدخان,8,0,8,0.0
alliance,8,0,8,0.0
mankind,6,0,6,0.0
عمران,8,0,8,0.0
joseph,9,0,9,0.0
jinn,6,0,6,0.0
shout,8,0,8,0.0
resting,8,0,8,0.0
asteroid,8,0,8,0.0
convulsion,8,0,8,0.0
wind,9,0,9,0.0
annihilate,8,0,8,0.0
آل,8,0,8,0.0
plot,9,0,9,0.0
satan,6,0,6,0.0
obedience,8,0,8,0.0
altogether,9,1,8,0.1111111111111111
outcast,6,0,6,0.0
disobey,8,0,8,0.0
battleships,8,0,8,0.0
scream,8,0,8,0.0
afflict,8,0,8,0.0
necks,8,0,8,0.0
command,9,0,9,0.0
wills,8,0,8,0.0
whether,10,1,9,0.1
unwillingly,8,0,8,0.0
implement,8,0,8,0.0
attains,8,0,8,0.0
perish,8,0,8,0.0
يس,8,0,8,0.0
arabian,8,0,8,0.0
fussilat,8,0,8,0.0
painful,6,0,6,0.0
willingly,8,0,8,0.0
bitter,9,1,8,0.1111111111111111
loud,9,0,9,0.0
drown,9,0,9,0.0
befall,9,0,9,0.0
carpets,8,0,8,0.0
transgression,8,0,8,0.0
sea,12,2,10,0.16666666666666666
roaring,8,0,8,0.0
فصلت,8,0,8,0.0
الرعد,8,0,8,0.0
hellfire,6,0,6,0.0
conclude,8,0,8,0.0
earthquake,8,0,8,0.0
swallow,9,0,9,0.0
spending,5,1,4,0.2
corruption,2,1,1,0.5
historical,1,0,1,0.0
gon,1,0,1,0.0
pinocchio,1,1,0,1.0
infected,3,0,3,0.0
massacre,4,0,4,0.0
staff,2,0,2,0.0
headquarters,1,0,1,0.0
detained,2,0,2,0.0
churches,2,0,2,0.0
death,7,1,6,0.14285714285714285
explosives,2,0,2,0.0
wounded,5,0,5,0.0
cases,2,0,2,0.0
infectious,2,0,2,0.0
martyrs,2,0,2,0.0
child,10,0,10,0.0
displacement,2,0,2,0.0
missing,5,0,5,0.0
civil,4,0,4,0.0
risk,3,0,3,0.0
zionist,10,0,10,0.0
units,2,0,2,0.0
institutions,2,0,2,0.0
universities,2,0,2,0.0
sites,2,0,2,0.0
uninhabitable,1,0,1,0.0
arrest,2,0,2,0.0
names,5,1,4,0.2
result,4,1,3,0.25
cancer,4,0,4,0.0
targeted,2,0,2,0.0
ambulance,1,0,1,0.0
personnel,3,0,3,0.0
persons,1,0,1,0.0
archaeological,2,0,2,0.0
tons,2,0,2,0.0
female,2,0,2,0.0
martyred,1,0,1,0.0
diseases,2,0,2,0.0
partially,2,0,2,0.0
waged,1,0,1,0.0
taken,2,0,2,0.0
known,4,1,3,0.25
heritage,2,0,2,0.0
crock,1,0,1,0.0
worth,3,2,1,0.6666666666666666
decrease,1,0,1,0.0
net,2,0,2,0.0
brothers,1,1,0,1.0
dan,2,2,0,1.0
akrioud,1,1,0,1.0
john,1,1,0,1.0
joilet,1,1,0,1.0
blues,1,1,0,1.0
belushi,1,1,0,1.0
illinois,1,1,0,1.0
bidenomic,1,1,0,1.0
defining,1,0,1,0.0
failures,1,0,1,0.0
derogatory,1,0,1,0.0
folks,3,2,1,0.6666666666666666
lyinbiden,1,0,1,0.0
uh,2,0,2,0.0
jumping,1,0,1,0.0
lap,1,0,1,0.0
mine,2,1,1,0.5
kids,5,1,4,0.2
alot,2,0,2,0.0
independence,2,1,1,0.5
divorced,2,0,2,0.0
disable,4,0,4,0.0
engineer,2,0,2,0.0
retire,2,0,2,0.0
application,3,1,2,0.3333333333333333
twitter,3,0,3,0.0
widow,2,0,2,0.0
semi,2,0,2,0.0
musk,5,0,5,0.0
elon,4,0,4,0.0
tesla,3,0,3,0.0
ceo,3,0,3,0.0
owner,3,0,3,0.0
deaf,3,0,3,0.0
angel,2,0,2,0.0
investor,2,0,2,0.0
isaw,2,0,2,0.0
retired,2,0,2,0.0
founder,3,0,3,0.0
conjunction,2,0,2,0.0
architect,2,0,2,0.0
needing,2,0,2,0.0
product,2,0,2,0.0
spacex,3,0,3,0.0
settlers,1,0,1,0.0
babies,1,0,1,0.0
deceive,2,0,2,0.0
trap,1,0,1,0.0
wants,4,2,2,0.5
drag,1,0,1,0.0
riots,1,0,1,0.0
night,4,0,4,0.0
happened,8,3,5,0.375
woke,1,1,0,1.0
turned,3,2,1,0.6666666666666666
warned,2,1,1,0.5
yall,1,1,0,1.0
singing,1,1,0,1.0
hussein,1,0,1,0.0
උඹව,1,0,1,0.0
බය,1,0,1,0.0
ගහල,1,0,1,0.0
دعاة,1,0,1,0.0
نحن,1,0,1,0.0
advocates,1,0,1,0.0
السلام,1,0,1,0.0
ruined,2,0,2,0.0
slaughter,1,0,1,0.0
colossal,1,0,1,0.0
toilet,2,0,2,0.0
traitor,8,0,8,0.0
dump,1,0,1,0.0
dem,1,0,1,0.0
soros,2,0,2,0.0
hence,1,0,1,0.0
changes,1,0,1,0.0
band,1,1,0,1.0
ballot,1,1,0,1.0
wave,2,1,1,0.5
preserve,2,1,1,0.5
h,1,1,0,1.0
threats,2,0,2,0.0
sacrificing,1,0,1,0.0
shameful,3,0,3,0.0
breach,2,0,2,0.0
methamphetamines,1,0,1,0.0
entering,1,0,1,0.0
prolonging,1,0,1,0.0
attempts,2,1,1,0.5
netenyaho,1,0,1,0.0
regard,1,0,1,0.0
tragic,1,0,1,0.0
delay,1,0,1,0.0
deranged,2,0,2,0.0
behavior,2,0,2,0.0
govt,1,0,1,0.0
subsidized,1,0,1,0.0
count,4,2,2,0.5
existed,1,0,1,0.0
wef,1,0,1,0.0
sleepyjoe,1,0,1,0.0
op,3,0,3,0.0
photo,4,0,4,0.0
proved,2,0,2,0.0
wonded,2,0,2,0.0
droped,2,0,2,0.0
droping,2,0,2,0.0
insted,2,0,2,0.0
misinformation,1,0,1,0.0
information,6,3,3,0.5
flattened,1,1,0,1.0
held,3,1,2,0.3333333333333333
moscow,1,1,0,1.0
bunch,4,4,0,1.0
defeated,3,2,1,0.6666666666666666
doors,2,2,0,1.0
pass,1,1,0,1.0
crimes,8,1,7,0.125
protested,1,0,1,0.0
convincing,1,0,1,0.0
overrun,1,0,1,0.0
concerned,2,0,2,0.0
nuclear,1,0,1,0.0
desperately,1,0,1,0.0
barry,1,0,1,0.0
capabilities,1,0,1,0.0
streaming,1,0,1,0.0
hawaii,2,1,1,0.5
parte,3,0,3,0.0
dios,3,0,3,0.0
elevará,3,0,3,0.0
corán,3,0,3,0.0
del,4,0,4,0.0
verdad,3,0,3,0.0
señor,3,0,3,0.0
palabras,3,0,3,0.0
capítulo,3,0,3,0.0
grados,3,0,3,0.0
versículos,3,0,3,0.0
temperatura,3,0,3,0.0
hfuuih,1,0,1,0.0
hora,6,0,6,0.0
nvh,1,0,1,0.0
mohammed,5,0,5,0.0
itgjbgfjfuj,1,0,1,0.0
sagrado,3,0,3,0.0
según,4,0,4,0.0
meca,4,0,4,0.0
calendario,4,0,4,0.0
murderous,2,0,2,0.0
zero,4,0,4,0.0
grip,1,0,1,0.0
wrote,2,0,2,0.0
atmosphere,2,0,2,0.0
canada,2,0,2,0.0
invade,2,0,2,0.0
continuation,1,0,1,0.0
occurred,2,0,2,0.0
battle,2,0,2,0.0
date,4,0,4,0.0
plant,1,0,1,0.0
warn,1,0,1,0.0
atheists,1,0,1,0.0
starting,3,0,3,0.0
hanging,1,0,1,0.0
fall,4,0,4,0.0
overtaken,1,0,1,0.0
cold,3,0,3,0.0
hemisphere,1,0,1,0.0
entirely,1,0,1,0.0
final,2,1,1,0.5
missiles,1,0,1,0.0
oceans,1,0,1,0.0
contradiction,1,0,1,0.0
eight,2,0,2,0.0
ac,1,0,1,0.0
melts,1,0,1,0.0
announcement,1,0,1,0.0
exhale,1,0,1,0.0
frozen,1,0,1,0.0
anyway,1,0,1,0.0
separation,1,0,1,0.0
annihilated,1,0,1,0.0
annihilation,1,0,1,0.0
teach,1,0,1,0.0
execute,1,0,1,0.0
usually,2,1,1,0.5
contradict,1,0,1,0.0
pieces,1,0,1,0.0
fled,1,0,1,0.0
previously,1,0,1,0.0
executing,1,0,1,0.0
poles,2,1,1,0.5
strikes,2,0,2,0.0
lunar,1,0,1,0.0
particular,2,0,2,0.0
occasion,1,0,1,0.0
celsius,1,0,1,0.0
fluctuations,1,0,1,0.0
corresponding,1,0,1,0.0
upcoming,1,0,1,0.0
freon,1,0,1,0.0
beginning,3,1,2,0.3333333333333333
holiday,1,0,1,0.0
masses,2,0,2,0.0
strengthens,1,0,1,0.0
extremities,1,0,1,0.0
heart,4,2,2,0.5
disappeared,1,0,1,0.0
christmas,1,0,1,0.0
seasonal,2,1,1,0.5
happen,1,0,1,0.0
gregorian,1,0,1,0.0
glory,3,1,2,0.3333333333333333
corona,1,0,1,0.0
began,5,0,5,0.0
melt,1,0,1,0.0
lacking,1,0,1,0.0
begin,1,0,1,0.0
permission,1,0,1,0.0
puppet,5,0,5,0.0
satisfied,2,1,1,0.5
okay,3,2,1,0.6666666666666666
gold,1,1,0,1.0
stealing,2,1,1,0.5
zionisim,1,0,1,0.0
fascism,1,0,1,0.0
هههه,1,0,1,0.0
انت,2,0,2,0.0
ياحلوف,1,0,1,0.0
sitting,1,1,0,1.0
room,3,2,1,0.6666666666666666
adopt,1,1,0,1.0
eat,1,1,0,1.0
garden,1,1,0,1.0
bouncing,1,1,0,1.0
boy,5,3,2,0.6
floor,1,1,0,1.0
brainwashed,2,1,1,0.5
demented,4,1,3,0.25
prove,2,1,1,0.5
exist,4,2,2,0.5
selling,5,1,4,0.2
ok,3,1,2,0.3333333333333333
einsteins,1,1,0,1.0
fools,4,1,3,0.25
relations,1,1,0,1.0
cease,1,0,1,0.0
resignation,2,0,2,0.0
murderer,3,0,3,0.0
superior,1,1,0,1.0
grow,1,1,0,1.0
servants,3,1,2,0.3333333333333333
unconsitutional,1,0,1,0.0
congresses,1,0,1,0.0
dumb,4,0,4,0.0
factcheckers,1,0,1,0.0
pushing,1,0,1,0.0
bogus,1,0,1,0.0
permanent,1,1,0,1.0
establishment,1,1,0,1.0
careful,3,1,2,0.3333333333333333
lynch,1,0,1,0.0
donated,4,0,4,0.0
hahahahahaha,1,0,1,0.0
bidin,1,1,0,1.0
terorist,1,1,0,1.0
bs,10,1,9,0.1
bars,1,1,0,1.0
panels,1,0,1,0.0
mi,1,0,1,0.0
note,2,0,2,0.0
century,1,0,1,0.0
forgot,2,2,0,1.0
kjp,1,1,0,1.0
runs,1,1,0,1.0
abounds,1,1,0,1.0
recovered,3,1,2,0.3333333333333333
bydumbomics,1,1,0,1.0
lessons,1,1,0,1.0
ride,2,2,0,1.0
bike,1,1,0,1.0
percent,5,2,3,0.4
gets,3,1,2,0.3333333333333333
join,4,4,0,1.0
followers,3,1,2,0.3333333333333333
mega,1,1,0,1.0
stinky,2,0,2,0.0
loose,1,0,1,0.0
nasty,1,0,1,0.0
deserving,1,0,1,0.0
digit,1,1,0,1.0
leads,1,1,0,1.0
poland,1,1,0,1.0
ta,2,0,2,0.0
somewhere,1,0,1,0.0
sniff,2,0,2,0.0
shareholders,1,0,1,0.0
nan,64,64,0,1.0
alyssa,1,1,0,1.0
madam,1,1,0,1.0
praween,1,1,0,1.0
yo,2,2,0,1.0
invite,2,1,1,0.5
knees,1,1,0,1.0
viva,1,1,0,1.0
wiped,1,0,1,0.0
silence,2,1,1,0.5
contributes,1,0,1,0.0
waging,1,0,1,0.0
residents,2,0,2,0.0
covering,2,1,1,0.5
systematic,1,0,1,0.0
europa,1,1,0,1.0
pride,2,2,0,1.0
spain,1,1,0,1.0
nowhere,1,0,1,0.0
vet,1,0,1,0.0
novelty,1,0,1,0.0
classic,1,0,1,0.0
april,1,0,1,0.0
jokes,2,1,1,0.5
waiting,4,3,1,0.75
early,4,1,3,0.25
likes,3,1,2,0.3333333333333333
barima,1,1,0,1.0
says,4,2,2,0.5
equals,1,0,1,0.0
thurgood,1,0,1,0.0
phone,4,1,3,0.25
marshall,1,0,1,0.0
private,3,1,2,0.3333333333333333
notorious,1,0,1,0.0
opportunism,1,0,1,0.0
vulgarian,1,0,1,0.0
colleagues,1,0,1,0.0
supreme,2,0,2,0.0
crassness,1,0,1,0.0
variety,1,0,1,0.0
rarely,2,0,2,0.0
lbj,1,0,1,0.0
lyndon,1,0,1,0.0
appointing,1,0,1,0.0
referred,2,1,1,0.5
shied,1,0,1,0.0
constantly,1,0,1,0.0
appoint,1,0,1,0.0
contexts,1,0,1,0.0
cited,1,0,1,0.0
r,3,0,3,0.0
conversation,1,0,1,0.0
johnson,2,0,2,0.0
reportedly,1,0,1,0.0
oath,3,1,2,0.3333333333333333
flop,1,0,1,0.0
fans,2,0,2,0.0
trumptards,1,0,1,0.0
plummeted,1,0,1,0.0
abc,2,0,2,0.0
transgenders,1,0,1,0.0
lunches,1,0,1,0.0
handout,1,0,1,0.0
bidenflation,6,0,6,0.0
circus,1,0,1,0.0
monkey,1,0,1,0.0
installed,1,0,1,0.0
butcher,1,0,1,0.0
fuelling,1,0,1,0.0
message,8,3,5,0.375
video,2,1,1,0.5
wael,1,0,1,0.0
sends,1,0,1,0.0
channel,2,0,2,0.0
disasteromics,1,0,1,0.0
claimed,1,0,1,0.0
adjusted,1,0,1,0.0
reports,3,0,3,0.0
downward,2,0,2,0.0
gazagenocide,1,0,1,0.0
genocidejoebiden,1,0,1,0.0
bind,1,0,1,0.0
bec,1,0,1,0.0
cheater,2,0,2,0.0
fack,1,0,1,0.0
terrestrial,1,0,1,0.0
genocides,1,0,1,0.0
fkn,2,0,2,0.0
bu,1,0,1,0.0
che,2,0,2,0.0
facile,1,0,1,0.0
farsa,1,0,1,0.0
vendi,1,0,1,0.0
armi,1,0,1,0.0
vergogna,1,0,1,0.0
mondo,1,0,1,0.0
con,3,0,3,0.0
vaccini,1,0,1,0.0
men,1,0,1,0.0
richest,1,0,1,0.0
doubled,1,0,1,0.0
bc,1,0,1,0.0
murderers,1,0,1,0.0
ceasefiregazanow,1,0,1,0.0
expensive,2,0,2,0.0
electricity,1,0,1,0.0
guilty,2,0,2,0.0
custom,1,1,0,1.0
intelligence,3,1,2,0.3333333333333333
neither,4,1,3,0.25
striking,1,1,0,1.0
rever,1,1,0,1.0
palastine,1,1,0,1.0
events,2,1,1,0.5
strategic,1,1,0,1.0
hesitant,1,1,0,1.0
retaliation,1,1,0,1.0
analyst,1,1,0,1.0
militarily,1,1,0,1.0
floundering,1,1,0,1.0
trembling,1,1,0,1.0
objectivity,1,1,0,1.0
mesh,1,1,0,1.0
weak,2,1,1,0.5
entity,3,1,2,0.3333333333333333
carrying,1,1,0,1.0
hostile,1,1,0,1.0
acts,2,2,0,1.0
tunnels,1,1,0,1.0
directions,1,1,0,1.0
controlling,1,1,0,1.0
buildings,2,0,2,0.0
imagery,1,0,1,0.0
damaged,1,0,1,0.0
toll,1,0,1,0.0
staggering,1,0,1,0.0
satellite,1,0,1,0.0
suggests,1,0,1,0.0
released,1,0,1,0.0
betrayal,1,1,0,1.0
pain,2,1,1,0.5
massacres,2,2,0,1.0
faith,2,1,1,0.5
heartbreak,1,1,0,1.0
patience,1,1,0,1.0
shedding,1,1,0,1.0
hide,2,0,2,0.0
colluding,1,0,1,0.0
decline,1,0,1,0.0
luxuries,1,0,1,0.0
cheap,2,0,2,0.0
developed,1,0,1,0.0
tariffs,1,0,1,0.0
joes,2,1,1,0.5
idiot,7,1,6,0.14285714285714285
fjbletsgobrandon,1,0,1,0.0
looser,2,0,2,0.0
constant,1,0,1,0.0
reporters,1,0,1,0.0
q,1,0,1,0.0
teleprompter,1,0,1,0.0
written,2,0,2,0.0
messes,1,0,1,0.0
debate,1,0,1,0.0
handler,1,0,1,0.0
arrested,2,0,2,0.0
deserves,2,1,1,0.5
patrol,3,0,3,0.0
match,1,0,1,0.0
declined,1,0,1,0.0
declines,1,0,1,0.0
returns,1,0,1,0.0
quarter,2,0,2,0.0
handling,2,0,2,0.0
reaching,1,0,1,0.0
confidence,2,0,2,0.0
disapproving,1,0,1,0.0
emissions,1,0,1,0.0
recruitment,1,0,1,0.0
homelessness,4,1,3,0.25
raiding,1,0,1,0.0
skyrocketing,2,0,2,0.0
downgraded,1,0,1,0.0
deficits,1,0,1,0.0
petroleum,1,0,1,0.0
debe,1,0,1,0.0
por,3,0,3,0.0
sr,1,0,1,0.0
descuentos,1,0,1,0.0
gratitud,1,0,1,0.0
decirle,1,0,1,0.0
ingresa,1,0,1,0.0
turismo,1,0,1,0.0
ofrecer,1,0,1,0.0
untruthful,1,0,1,0.0
realize,3,1,2,0.3333333333333333
bidenonmics,1,0,1,0.0
trampled,1,0,1,0.0
illuminati,2,2,0,1.0
brotherhood,1,1,0,1.0
hay,1,0,1,0.0
post,7,0,7,0.0
lacks,1,0,1,0.0
outta,1,0,1,0.0
create,7,1,6,0.14285714285714285
sector,2,0,2,0.0
mostly,2,0,2,0.0
friday,1,0,1,0.0
misrepresented,1,0,1,0.0
blast,1,0,1,0.0
finds,1,0,1,0.0
check,2,0,2,0.0
pasted,1,0,1,0.0
culpability,1,0,1,0.0
disastrous,1,0,1,0.0
hiring,1,0,1,0.0
findings,2,1,1,0.5
gop,3,2,1,0.6666666666666666
deliberately,2,0,2,0.0
email,5,3,2,0.6
touting,2,0,2,0.0
pinocchios,1,0,1,0.0
intro,1,0,1,0.0
task,1,0,1,0.0
deflect,1,0,1,0.0
inspired,2,0,2,0.0
speaker,2,0,2,0.0
diche,2,2,0,1.0
dioneda,2,2,0,1.0
scientist,1,1,0,1.0
hacienda,2,2,0,1.0
luicita,2,2,0,1.0
quezon,2,2,0,1.0
astronomer,1,1,0,1.0
esperanza,2,2,0,1.0
city,5,2,3,0.4
fairview,2,2,0,1.0
im,2,2,0,1.0
mariecris,2,2,0,1.0
approvals,1,0,1,0.0
moron,4,0,4,0.0
savegaza,1,1,0,1.0
wtf,1,0,1,0.0
hero,2,1,1,0.5
burdenomics,1,0,1,0.0
k,2,1,1,0.5
screwed,1,0,1,0.0
x,5,2,3,0.4
counting,1,0,1,0.0
formerly,1,0,1,0.0
msm,1,0,1,0.0
deaths,1,0,1,0.0
pin,1,0,1,0.0
propagandists,1,0,1,0.0
despicable,1,0,1,0.0
feverishly,1,0,1,0.0
gov,1,0,1,0.0
abbott,1,0,1,0.0
gm,1,0,1,0.0
texas,1,0,1,0.0
stations,1,0,1,0.0
pocket,1,0,1,0.0
trigo,1,0,1,0.0
contractor,1,0,1,0.0
flexe,1,0,1,0.0
eliminated,1,0,1,0.0
amazon,3,0,3,0.0
nuscale,1,0,1,0.0
trillion,5,1,4,0.2
newell,1,0,1,0.0
orca,1,0,1,0.0
blackrock,1,0,1,0.0
shutdown,2,0,2,0.0
sharpie,2,0,2,0.0
videoamp,1,0,1,0.0
resume,1,0,1,0.0
xerox,1,0,1,0.0
roughly,1,0,1,0.0
duolingo,1,0,1,0.0
rubbermaid,1,0,1,0.0
printing,2,0,2,0.0
roles,1,0,1,0.0
pitch,1,0,1,0.0
irreversible,1,0,1,0.0
financial,4,2,2,0.5
latest,3,0,3,0.0
treasure,1,0,1,0.0
unity,1,0,1,0.0
workforce,3,1,2,0.3333333333333333
runway,1,0,1,0.0
benchsci,1,0,1,0.0
responses,1,0,1,0.0
builder,2,0,2,0.0
frontdesk,1,0,1,0.0
invision,1,0,1,0.0
twitch,1,0,1,0.0
abandonbiden,1,0,1,0.0
joebidenwarcriminal,2,0,2,0.0
warcrimesingaza,1,0,1,0.0
stopgenocideofpalestinians,1,0,1,0.0
piece,1,0,1,0.0
buildthewall,1,0,1,0.0
pul,1,1,0,1.0
inquiries,1,1,0,1.0
cpn,1,1,0,1.0
tradelines,1,1,0,1.0
repair,1,1,0,1.0
removal,1,1,0,1.0
bankruptcy,1,1,0,1.0
loans,1,1,0,1.0
kindly,1,1,0,1.0
bitcoin,2,2,0,1.0
boost,1,1,0,1.0
kinds,1,1,0,1.0
shakes,1,1,0,1.0
rally,1,1,0,1.0
gdp,2,2,0,1.0
dropping,1,1,0,1.0
approved,4,0,4,0.0
privately,1,0,1,0.0
von,1,0,1,0.0
inbox,5,2,3,0.4
info,1,0,1,0.0
receive,6,1,5,0.16666666666666666
transfer,1,0,1,0.0
available,1,0,1,0.0
monetize,1,0,1,0.0
sender,1,0,1,0.0
wallet,2,0,2,0.0
trusted,2,1,1,0.5
usdt,1,0,1,0.0
receiver,1,0,1,0.0
ratio,1,0,1,0.0
contact,5,3,2,0.6
via,6,2,4,0.3333333333333333
address,1,0,1,0.0
invaded,5,1,4,0.2
fantasy,2,0,2,0.0
boarder,1,0,1,0.0
thats,1,0,1,0.0
force,2,0,2,0.0
idea,2,1,1,0.5
nixon,1,1,0,1.0
ovomit,1,1,0,1.0
tells,3,3,0,1.0
cramer,1,1,0,1.0
blacks,1,1,0,1.0
cnbc,1,1,0,1.0
latinos,1,1,0,1.0
report,4,1,3,0.25
housholds,1,1,0,1.0
jim,2,1,1,0.5
lockdowns,2,1,1,0.5
woman,5,4,1,0.8
fakesst,1,0,1,0.0
competent,2,1,1,0.5
mumble,1,0,1,0.0
reset,1,0,1,0.0
qfs,1,0,1,0.0
prepared,1,0,1,0.0
aware,1,0,1,0.0
proper,1,0,1,0.0
switch,1,0,1,0.0
recommended,1,0,1,0.0
guildlines,1,0,1,0.0
site,1,0,1,0.0
account,1,0,1,0.0
fleeced,1,0,1,0.0
alongside,1,1,0,1.0
tumulteous,1,1,0,1.0
accomplishment,2,2,0,1.0
managed,1,1,0,1.0
quite,1,1,0,1.0
stabilize,1,1,0,1.0
greqt,1,0,1,0.0
voided,1,0,1,0.0
beware,2,0,2,0.0
eo,1,0,1,0.0
inform,1,0,1,0.0
dictators,4,2,2,0.5
obvious,1,0,1,0.0
enforcement,1,0,1,0.0
def,1,0,1,0.0
asst,1,0,1,0.0
sec,1,0,1,0.0
quick,5,0,5,0.0
usc,1,0,1,0.0
secret,1,0,1,0.0
incapacitated,1,0,1,0.0
hospital,2,0,2,0.0
vs,2,1,1,0.5
ᑭᗩᒪᗴ𝓢,1,0,1,0.0
ᖴᖇᗴᗴ,1,0,1,0.0
тiᑎз,1,0,1,0.0
ungrateful,1,1,0,1.0
charlotte,1,1,0,1.0
acknowledge,1,1,0,1.0
mrs,1,1,0,1.0
blessing,2,1,1,0.5
replies,1,0,1,0.0
package,2,1,1,0.5
applied,1,0,1,0.0
personal,3,0,3,0.0
assistance,1,0,1,0.0
dm,1,0,1,0.0
bills,2,0,2,0.0
apply,4,1,3,0.25
fuckjoebiden,1,0,1,0.0
fuckinomics,1,0,1,0.0
giveamericaback,1,0,1,0.0
fuckthedemocratparty,1,0,1,0.0
scumbag,2,0,2,0.0
collar,1,0,1,0.0
chains,1,0,1,0.0
wives,1,0,1,0.0
แทนไลย,1,0,1,0.0
bodies,1,0,1,0.0
thailand,1,0,1,0.0
isaan,1,0,1,0.0
wealth,1,1,0,1.0
fortunes,1,1,0,1.0
generation,1,1,0,1.0
tomasz,1,1,0,1.0
cardone,1,1,0,1.0
honesty,1,1,0,1.0
demands,1,1,0,1.0
uneducated,2,1,1,0.5
recently,2,0,2,0.0
bidders,1,0,1,0.0
favorite,1,0,1,0.0
code,3,1,2,0.3333333333333333
sorta,1,0,1,0.0
padded,1,0,1,0.0
gang,1,0,1,0.0
corporation,1,0,1,0.0
libertarian,1,0,1,0.0
willing,2,0,2,0.0
funds,1,0,1,0.0
obligated,1,0,1,0.0
funneled,1,0,1,0.0
fiduciary,1,0,1,0.0
hiding,1,0,1,0.0
citizen,6,3,3,0.5
participating,2,0,2,0.0
dish,1,0,1,0.0
rnc,1,0,1,0.0
governments,2,0,2,0.0
contract,1,0,1,0.0
attended,1,1,0,1.0
𝗅𝖺𝗌𝗍,1,0,1,0.0
𝖾𝖺𝗋𝗇,1,0,1,0.0
𝗃𝗎𝗌𝗍,1,0,1,0.0
𝗏𝖾𝗋𝗒,1,0,1,0.0
𝗁𝖺𝗏𝖾,1,0,1,0.0
𝗍𝗁𝖾,1,0,1,0.0
𝖿𝗂𝗇𝖺𝗇𝖼𝗂𝖺𝗅,1,0,1,0.0
𝗂𝗇,1,0,1,0.0
𝗍𝗈,1,0,1,0.0
𝖺𝗋𝖾,1,0,1,0.0
𝖨,1,0,1,0.0
𝖿𝗈𝗋,1,0,1,0.0
𝗒𝗈𝗎,1,0,1,0.0
𝖥𝖺𝖼𝖾𝖻𝗈𝗈𝗄,1,0,1,0.0
jeyren,1,0,1,0.0
𝗈𝖿,1,0,1,0.0
𝗋𝖾𝖼𝗈𝗆𝗆𝖾𝗇𝖽,1,0,1,0.0
fillone,1,0,1,0.0
𝖨𝖿,1,0,1,0.0
𝖿𝖺𝖼𝗂𝗇𝗀,1,0,1,0.0
𝗂𝗇𝗍𝖾𝗋𝖾𝗌𝗍𝖾𝖽,1,0,1,0.0
𝗂𝗇𝗏𝖾𝗌𝗍𝗂𝗇𝗀,1,0,1,0.0
𝖻𝖾𝗌𝗍,1,0,1,0.0
𝗍𝗋𝖺𝖽𝗂𝗇𝗀,1,0,1,0.0
𝖾𝗏𝖾𝗋,1,0,1,0.0
𝖼𝗈𝗇𝗍𝖺𝖼𝗍,1,0,1,0.0
𝗌𝖾𝖾𝗇,1,0,1,0.0
𝖺𝖻𝗈𝗎𝗍,1,0,1,0.0
𝗆𝖺𝗇𝖺𝗀𝖾𝗋,1,0,1,0.0
𝗀𝗈𝗈𝖽,1,0,1,0.0
martizano,1,0,1,0.0
𝗈𝗇,1,0,1,0.0
𝖺𝗇𝗒𝗈𝗇𝖾,1,0,1,0.0
𝗉𝗋𝗈𝖻𝗅𝖾𝗆,1,0,1,0.0
wear,1,0,1,0.0
liking,1,0,1,0.0
flags,1,0,1,0.0
hat,1,0,1,0.0
capitol,2,0,2,0.0
ignores,1,0,1,0.0
thugs,1,0,1,0.0
cbs,1,0,1,0.0
puppies,1,0,1,0.0
spaces,1,0,1,0.0
comfort,2,1,1,0.5
range,2,0,2,0.0
th,1,0,1,0.0
royal,1,0,1,0.0
stealth,1,0,1,0.0
unit,1,0,1,0.0
maintenance,1,0,1,0.0
gen,1,0,1,0.0
spare,1,0,1,0.0
airforce,1,0,1,0.0
dogfighter,1,0,1,0.0
interceptor,1,0,1,0.0
felon,1,0,1,0.0
henry,1,0,1,0.0
saudi,2,0,2,0.0
medium,1,0,1,0.0
bomber,1,0,1,0.0
movieclips,1,0,1,0.0
eagle,1,0,1,0.0
multirole,1,0,1,0.0
fighter,1,0,1,0.0
lines,1,0,1,0.0
longest,1,0,1,0.0
spring,1,0,1,0.0
associates,1,0,1,0.0
featured,1,0,1,0.0
produced,2,1,1,0.5
langer,1,0,1,0.0
asked,1,0,1,0.0
ipsos,1,0,1,0.0
george,3,1,2,0.3333333333333333
disapprove,2,0,2,0.0
knowledgepanel,1,0,1,0.0
version,2,1,1,0.5
fieldwork,1,0,1,0.0
bush,1,0,1,0.0
marks,1,0,1,0.0
respondents,1,0,1,0.0
conference,1,0,1,0.0
press,1,0,1,0.0
awkward,1,0,1,0.0
ashamed,2,0,2,0.0
supports,1,0,1,0.0
ought,1,0,1,0.0
clowns,1,0,1,0.0
decade,1,0,1,0.0
estimated,1,0,1,0.0
cbo,1,0,1,0.0
oops,1,0,1,0.0
sewer,1,0,1,0.0
meltdown,1,0,1,0.0
laugh,1,1,0,1.0
grandpa,1,0,1,0.0
balance,1,1,0,1.0
daniel,1,1,0,1.0
reagan,1,0,1,0.0
hot,1,1,0,1.0
eastwood,1,1,0,1.0
san,1,1,0,1.0
clint,1,1,0,1.0
diego,1,1,0,1.0
nurse,1,1,0,1.0
patton,1,1,0,1.0
virgo,1,1,0,1.0
mars,1,1,0,1.0
veteran,2,1,1,0.5
addressing,2,1,1,0.5
learned,2,0,2,0.0
wash,1,0,1,0.0
depends,1,0,1,0.0
constitution,3,1,2,0.3333333333333333
morphed,1,0,1,0.0
dumbing,1,0,1,0.0
insane,1,0,1,0.0
longer,2,0,2,0.0
cult,2,1,1,0.5
hellbent,2,1,1,0.5
environment,2,0,2,0.0
republican,4,1,3,0.25
mediocre,1,0,1,0.0
easier,1,0,1,0.0
assault,2,0,2,0.0
curtail,1,0,1,0.0
exists,1,0,1,0.0
brainwash,1,0,1,0.0
worldwide,1,0,1,0.0
cto,1,0,1,0.0
chairman,2,1,1,0.5
minority,1,1,0,1.0
aimed,1,1,0,1.0
use,6,3,3,0.5
applaud,1,1,0,1.0
necessary,2,1,1,0.5
goal,2,2,0,1.0
opponent,2,2,0,1.0
seal,1,1,0,1.0
insure,1,1,0,1.0
historically,1,1,0,1.0
fedex,1,1,0,1.0
wining,1,1,0,1.0
text,1,1,0,1.0
gfy,1,1,0,1.0
professional,1,0,1,0.0
believed,1,0,1,0.0
revolutionary,1,0,1,0.0
mob,1,0,1,0.0
letters,1,0,1,0.0
saluted,1,0,1,0.0
draft,1,0,1,0.0
suggested,1,0,1,0.0
bibles,1,0,1,0.0
fifth,1,0,1,0.0
unpatriotic,1,0,1,0.0
windmills,1,0,1,0.0
stared,1,0,1,0.0
bleach,1,0,1,0.0
escape,2,0,2,0.0
hurricanes,1,0,1,0.0
holes,1,0,1,0.0
pleaded,1,0,1,0.0
rapist,1,0,1,0.0
laughably,1,0,1,0.0
espionage,1,0,1,0.0
dismissed,1,0,1,0.0
hurricane,1,0,1,0.0
korean,1,0,1,0.0
serial,1,0,1,0.0
autographed,1,0,1,0.0
spends,1,0,1,0.0
airplanes,1,0,1,0.0
cure,1,0,1,0.0
irrelevant,1,0,1,0.0
feelings,2,1,1,0.5
swore,2,0,2,0.0
jets,1,0,1,0.0
invisible,1,0,1,0.0
investigation,2,1,1,0.5
obstruction,1,0,1,0.0
hoax,2,1,1,0.5
nuke,1,0,1,0.0
flushed,1,0,1,0.0
dodger,1,0,1,0.0
apparently,1,0,1,0.0
warehouse,1,0,1,0.0
phony,2,0,2,0.0
stages,2,0,2,0.0
raping,1,1,0,1.0
anas,1,1,0,1.0
magic,1,1,0,1.0
butova,1,1,0,1.0
anna,1,1,0,1.0
gipnoze,1,1,0,1.0
fooling,1,1,0,1.0
famous,1,1,0,1.0
powerful,3,3,0,1.0
rich,3,1,2,0.3333333333333333
initiator,1,1,0,1.0
wealthy,1,1,0,1.0
listening,1,1,0,1.0
sebastian,1,1,0,1.0
eric,1,1,0,1.0
mentorship,1,1,0,1.0
tireless,1,1,0,1.0
contacting,2,1,1,0.5
trader,1,1,0,1.0
easy,3,2,1,0.6666666666666666
educator,1,1,0,1.0
gallon,1,0,1,0.0
crowd,1,0,1,0.0
overwhelmed,1,0,1,0.0
bail,1,0,1,0.0
ele,1,0,1,0.0
fetnal,1,0,1,0.0
yare,1,0,1,0.0
stand,7,1,6,0.14285714285714285
ignorance,1,0,1,0.0
lack,1,0,1,0.0
allowing,4,0,4,0.0
attract,1,0,1,0.0
jail,3,2,1,0.6666666666666666
releasing,1,0,1,0.0
američke,1,1,0,1.0
izbori,1,1,0,1.0
države,1,1,0,1.0
sjedinjene,1,1,0,1.0
unbelievable,3,1,2,0.3333333333333333
defund,1,0,1,0.0
lifetime,2,0,2,0.0
allover,1,0,1,0.0
cater,1,0,1,0.0
police,2,0,2,0.0
rocket,1,0,1,0.0
rd,1,0,1,0.0
معادة,1,0,1,0.0
المحك,1,0,1,0.0
مصالح,1,0,1,0.0
اي,1,0,1,0.0
سامية,1,0,1,0.0
المكعب,1,0,1,0.0
افكار,1,0,1,0.0
كارثةعلي,1,0,1,0.0
قوية,1,0,1,0.0
والعنصرية,1,0,1,0.0
والانحياز,1,0,1,0.0
الساميةالارهابية,1,0,1,0.0
والعداء,1,0,1,0.0
عدم,1,0,1,0.0
هذا,1,0,1,0.0
مستقبل,1,0,1,0.0
نتيجةالعقليةالهشه,1,0,1,0.0
الساميةالفاشية,1,0,1,0.0
تفقد,1,0,1,0.0
الساميةالمتطرفه,1,0,1,0.0
للخطر,1,0,1,0.0
تجعل,1,0,1,0.0
الساميةالاجرامية,1,0,1,0.0
والكرهييةالمزمنةالمتأصلةفي,1,0,1,0.0
علي,1,0,1,0.0
وعرض,1,0,1,0.0
الاوسط,1,0,1,0.0
تقصد,1,0,1,0.0
جوبايدن,1,0,1,0.0
وقواعدها,1,0,1,0.0
الحمار,1,0,1,0.0
الاحمق,1,0,1,0.0
العسكريةمعرضةلضربات,1,0,1,0.0
المتحدةالامريكيةبأت,1,0,1,0.0
يدعي,1,0,1,0.0
خطاباته,1,0,1,0.0
الشرق,1,0,1,0.0
الوحشية,1,0,1,0.0
المشبعةبازدواجيةالمعايير,1,0,1,0.0
أقتاد,1,0,1,0.0
السامية,1,0,1,0.0
امريكا,1,0,1,0.0
وكذالك,1,0,1,0.0
العجوز,1,0,1,0.0
الساميةالنازية,1,0,1,0.0
توازنها,1,0,1,0.0
الولايات,1,0,1,0.0
لنتنياهو,1,0,1,0.0
مستقبلةالسياسي,1,0,1,0.0
وكل,1,0,1,0.0
trading,1,0,1,0.0
hours,1,0,1,0.0
sit,1,0,1,0.0
sectors,1,0,1,0.0
infusion,1,0,1,0.0
creation,3,0,3,0.0
suggest,1,0,1,0.0
disproportionate,1,0,1,0.0
shove,1,0,1,0.0
heedless,1,0,1,0.0
comprised,1,0,1,0.0
hogwash,1,0,1,0.0
plenty,1,0,1,0.0
headlines,1,0,1,0.0
positions,1,0,1,0.0
remediation,1,0,1,0.0
subsidization,1,0,1,0.0
bloated,1,0,1,0.0
considering,1,0,1,0.0
social,4,1,3,0.25
employment,1,0,1,0.0
academic,1,0,1,0.0
counselors,1,0,1,0.0
decidedly,1,0,1,0.0
subsist,1,0,1,0.0
proficient,1,0,1,0.0
inflated,2,0,2,0.0
pushers,1,0,1,0.0
preponderance,1,0,1,0.0
require,1,0,1,0.0
deflects,1,0,1,0.0
creator,1,0,1,0.0
imprecise,1,0,1,0.0
unproductive,1,0,1,0.0
required,1,0,1,0.0
siphoning,2,0,2,0.0
kackling,1,0,1,0.0
czar,1,0,1,0.0
weighs,1,0,1,0.0
cell,1,0,1,0.0
unknown,1,0,1,0.0
october,3,0,3,0.0
neighbor,1,0,1,0.0
india,2,0,2,0.0
regularly,1,0,1,0.0
switched,1,0,1,0.0
caller,1,0,1,0.0
calls,1,0,1,0.0
asking,2,1,1,0.5
cellphone,1,0,1,0.0
blah,1,0,1,0.0
comrade,2,1,1,0.5
oceania,1,1,0,1.0
socialism,1,1,0,1.0
indigenous,1,1,0,1.0
member,1,1,0,1.0
grands,1,1,0,1.0
writes,2,1,1,0.5
individuals,1,1,0,1.0
attracts,1,1,0,1.0
original,2,1,1,0.5
madly,1,1,0,1.0
relationship,1,1,0,1.0
binding,2,2,0,1.0
suprise,1,1,0,1.0
godwin,1,1,0,1.0
within,2,2,0,1.0
spell,3,2,1,0.6666666666666666
caster,1,1,0,1.0
godwinachieverspelltemple,1,1,0,1.0
ex,2,2,0,1.0
lover,2,2,0,1.0
whatsapp,1,1,0,1.0
foh,1,0,1,0.0
races,1,0,1,0.0
attached,1,0,1,0.0
protest,3,1,2,0.3333333333333333
serve,3,0,3,0.0
requesting,1,0,1,0.0
pressure,1,0,1,0.0
suffer,2,0,2,0.0
racial,1,0,1,0.0
clip,1,0,1,0.0
eager,1,0,1,0.0
certain,1,0,1,0.0
indulged,1,0,1,0.0
existing,1,0,1,0.0
hijacked,2,0,2,0.0
heading,1,0,1,0.0
bias,1,0,1,0.0
organize,1,0,1,0.0
maintain,1,0,1,0.0
generations,2,0,2,0.0
donkeys,1,0,1,0.0
transition,1,0,1,0.0
sacrifice,2,1,1,0.5
stands,1,0,1,0.0
relation,1,0,1,0.0
tempted,1,0,1,0.0
ambitious,1,0,1,0.0
carrier,1,0,1,0.0
gaying,1,0,1,0.0
normally,1,0,1,0.0
b,1,0,1,0.0
bruhaha,1,0,1,0.0
oo,1,0,1,0.0
accurate,1,0,1,0.0
blowing,1,0,1,0.0
sounds,1,0,1,0.0
ignore,4,0,4,0.0
filthy,1,0,1,0.0
ballots,1,0,1,0.0
cancel,1,0,1,0.0
mistake,1,1,0,1.0
drop,2,2,0,1.0
hillary,1,1,0,1.0
nearing,1,1,0,1.0
bone,1,1,0,1.0
hearted,1,1,0,1.0
mi̇ni̇ster,1,1,0,1.0
handsome,1,1,0,1.0
daddy,1,1,0,1.0
i̇n,1,1,0,1.0
tired,3,1,2,0.3333333333333333
opportunity,1,1,0,1.0
minded,1,1,0,1.0
crumbs,1,1,0,1.0
weekly,1,1,0,1.0
cheating,1,0,1,0.0
pedo,3,1,2,0.3333333333333333
gropin,1,0,1,0.0
surprise,1,0,1,0.0
miami,1,0,1,0.0
regime,1,0,1,0.0
florida,1,0,1,0.0
rigs,1,0,1,0.0
wasteland,1,0,1,0.0
obtaining,1,0,1,0.0
assisted,1,0,1,0.0
directed,1,0,1,0.0
consolidate,1,0,1,0.0
trans,1,0,1,0.0
upfront,1,0,1,0.0
prayed,1,0,1,0.0
flat,1,0,1,0.0
rescue,1,0,1,0.0
fee,1,0,1,0.0
firm,2,0,2,0.0
confirmation,1,0,1,0.0
generous,1,0,1,0.0
consolidation,1,0,1,0.0
demand,1,0,1,0.0
legit,1,0,1,0.0
lenders,1,0,1,0.0
benefited,1,0,1,0.0
guarantee,2,0,2,0.0
belinda,1,0,1,0.0
transglobalcoza,1,0,1,0.0
scammers,1,0,1,0.0
wolfaardt,1,0,1,0.0
faithful,1,0,1,0.0
answer,1,0,1,0.0
clothe,1,0,1,0.0
expenses,1,0,1,0.0
crossed,1,0,1,0.0
educate,2,1,1,0.5
poison,1,0,1,0.0
putz,1,0,1,0.0
stated,1,0,1,0.0
debunked,1,0,1,0.0
seconds,1,0,1,0.0
creepy,2,0,2,0.0
dei,1,0,1,0.0
hack,1,0,1,0.0
thought,1,1,0,1.0
cleansing,1,1,0,1.0
wish,7,6,1,0.8571428571428571
ethnic,2,1,1,0.5
regret,1,1,0,1.0
lgb,1,0,1,0.0
course,3,1,2,0.3333333333333333
mouth,1,1,0,1.0
moving,2,1,1,0.5
obiden,1,0,1,0.0
breaking,1,0,1,0.0
gor,1,0,1,0.0
joined,2,0,2,0.0
committ,1,0,1,0.0
hitler,1,0,1,0.0
armageddon,1,0,1,0.0
walked,1,0,1,0.0
catastrophic,1,0,1,0.0
levels,2,1,1,0.5
seriously,1,0,1,0.0
background,1,0,1,0.0
response,3,0,3,0.0
promise,4,2,2,0.5
soferd,1,0,1,0.0
seeking,1,0,1,0.0
seek,1,0,1,0.0
terr,1,0,1,0.0
spend,5,1,4,0.2
offended,1,1,0,1.0
zionis,1,0,1,0.0
fully,1,0,1,0.0
civillian,1,0,1,0.0
epstein,2,1,1,0.5
jeffery,1,1,0,1.0
bff,1,1,0,1.0
dad,1,1,0,1.0
princess,1,0,1,0.0
bro,1,0,1,0.0
pls,1,0,1,0.0
handful,1,0,1,0.0
shaking,1,0,1,0.0
financially,1,0,1,0.0
cmon,2,0,2,0.0
cheaper,1,1,0,1.0
basics,1,1,0,1.0
mentioning,1,1,0,1.0
forgets,1,1,0,1.0
growing,1,1,0,1.0
reached,2,1,1,0.5
include,2,1,1,0.5
arrive,1,0,1,0.0
honduran,1,0,1,0.0
constitutional,1,1,0,1.0
grounds,1,1,0,1.0
jury,1,1,0,1.0
zuckerberg,1,0,1,0.0
congressional,1,0,1,0.0
bypass,1,0,1,0.0
resolved,1,0,1,0.0
russo,3,0,3,0.0
embrace,1,0,1,0.0
authorization,1,0,1,0.0
survival,2,0,2,0.0
unite,2,1,1,0.5
sigh,1,0,1,0.0
kid,1,0,1,0.0
basic,1,0,1,0.0
tail,1,0,1,0.0
lamentable,1,0,1,0.0
forbidden,1,0,1,0.0
strict,1,0,1,0.0
abandoned,1,0,1,0.0
embraces,1,0,1,0.0
ukrainian,2,0,2,0.0
platform,1,0,1,0.0
withdrew,1,0,1,0.0
grandma,1,0,1,0.0
dumbest,2,0,2,0.0
worsen,1,0,1,0.0
pit,3,0,3,0.0
humanitarian,1,0,1,0.0
capital,2,1,1,0.5
supplies,1,0,1,0.0
legs,2,0,2,0.0
mud,1,0,1,0.0
stability,1,0,1,0.0
gunpowder,1,0,1,0.0
cover,2,1,1,0.5
forcing,2,1,1,0.5
embracing,1,0,1,0.0
gambler,1,0,1,0.0
disrupting,1,0,1,0.0
pitiful,1,0,1,0.0
follower,1,0,1,0.0
overnight,1,0,1,0.0
enclosed,1,0,1,0.0
eastern,1,0,1,0.0
accomplice,1,0,1,0.0
gap,1,0,1,0.0
ignite,1,0,1,0.0
sovereign,1,0,1,0.0
barrel,1,0,1,0.0
ridiculous,1,0,1,0.0
jewish,2,0,2,0.0
mark,2,0,2,0.0
miss,1,0,1,0.0
tweets,1,0,1,0.0
partnership,1,0,1,0.0
provides,1,0,1,0.0
skin,2,1,1,0.5
allinone,1,1,0,1.0
skincare,1,1,0,1.0
amazonprime,1,1,0,1.0
puff,1,1,0,1.0
c,1,1,0,1.0
vitamin,1,1,0,1.0
snail,1,1,0,1.0
triangle,1,1,0,1.0
mucin,1,1,0,1.0
play,2,2,0,1.0
interested,2,1,1,0.5
testimony,2,2,0,1.0
testified,1,1,0,1.0
mage,1,1,0,1.0
amazed,1,1,0,1.0
ayoola,1,1,0,1.0
ended,1,1,0,1.0
lottery,1,1,0,1.0
drayoolasolutionhome,1,1,0,1.0
중요하나,1,1,0,1.0
때,1,1,0,1.0
사나이,1,1,0,1.0
흉금을,1,1,0,1.0
안될,1,1,0,1.0
그리,1,1,0,1.0
빏니다,1,1,0,1.0
어쨋든,1,1,0,1.0
만남과,1,1,0,1.0
서로의,1,1,0,1.0
불편한,1,1,0,1.0
기회가,1,1,0,1.0
기독,1,1,0,1.0
현실화,1,1,0,1.0
그렇지아니한가,1,1,0,1.0
있을,1,1,0,1.0
번,1,1,0,1.0
있으시기,1,1,0,1.0
우리,1,1,0,1.0
마음으로는,1,1,0,1.0
시종,1,1,0,1.0
입니다,1,1,0,1.0
안녕과,1,1,0,1.0
굳건함을,1,1,0,1.0
용비봉황격,1,1,0,1.0
나눔,1,1,0,1.0
나라에서,1,1,0,1.0
아직,1,1,0,1.0
인사,1,1,0,1.0
입장일,1,1,0,1.0
대통령과의,1,1,0,1.0
것임이,1,1,0,1.0
신앙인의,1,1,0,1.0
다운,1,1,0,1.0
아름다운,1,1,0,1.0
못하군요,1,1,0,1.0
가,1,1,0,1.0
arenotyou,1,1,0,1.0
정책적,1,1,0,1.0
한,1,1,0,1.0
염두에,1,1,0,1.0
전체를,1,1,0,1.0
일반인의,1,1,0,1.0
님의,1,1,0,1.0
대통령의,1,1,0,1.0
것,1,1,0,1.0
바랍니다,1,1,0,1.0
각,1,1,0,1.0
보는,1,1,0,1.0
되어서는,1,1,0,1.0
들,1,1,0,1.0
편하지,1,1,0,1.0
아나트유,1,1,0,1.0
시간이,1,1,0,1.0
둔,1,1,0,1.0
관계를,1,1,0,1.0
직전,1,1,0,1.0
그리고,1,1,0,1.0
또,1,1,0,1.0
터놓고,1,1,0,1.0
풍요로움도,1,1,0,1.0
jeo,1,1,0,1.0
bullshi,1,0,1,0.0
horizon,1,0,1,0.0
represent,1,0,1,0.0
mainly,1,0,1,0.0
finally,2,0,2,0.0
represented,1,0,1,0.0
hes,1,0,1,0.0
af,1,0,1,0.0
ybjvfxs,2,0,2,0.0
demolish,1,0,1,0.0
rocking,1,1,0,1.0
shape,1,0,1,0.0
tricked,1,0,1,0.0
college,1,0,1,0.0
survive,1,0,1,0.0
cities,2,1,1,0.5
bahahaha,1,0,1,0.0
replace,1,0,1,0.0
convicted,1,0,1,0.0
breastfed,1,0,1,0.0
umbilical,1,0,1,0.0
declaring,1,0,1,0.0
popularity,1,0,1,0.0
internal,1,0,1,0.0
trial,1,0,1,0.0
external,1,0,1,0.0
ally,1,0,1,0.0
mosque,1,0,1,0.0
cord,1,0,1,0.0
absurd,1,0,1,0.0
dismantling,1,0,1,0.0
sink,2,1,1,0.5
deceiver,1,0,1,0.0
exhange,1,1,0,1.0
experienced,1,0,1,0.0
buying,2,0,2,0.0
inshallah,1,0,1,0.0
phalastine,1,1,0,1.0
coward,3,0,3,0.0
lincoln,2,0,2,0.0
volume,2,0,2,0.0
muslim,3,0,3,0.0
native,2,0,2,0.0
deny,2,0,2,0.0
grater,2,0,2,0.0
plotted,2,0,2,0.0
abraham,2,0,2,0.0
xii,2,0,2,0.0
region,2,0,2,0.0
fulfil,2,0,2,0.0
loser,2,0,2,0.0
ni,1,0,1,0.0
centavos,1,0,1,0.0
inflación,1,0,1,0.0
los,1,0,1,0.0
memoria,1,0,1,0.0
mala,1,0,1,0.0
salud,1,0,1,0.0
color,1,0,1,0.0
recuerdo,1,0,1,0.0
borrado,1,0,1,0.0
es,1,0,1,0.0
ha,1,0,1,0.0
compound,2,0,2,0.0
biting,1,0,1,0.0
agony,1,0,1,0.0
gazaishere,6,0,6,0.0
rain,1,0,1,0.0
brutal,1,0,1,0.0
imminent,1,0,1,0.0
devastating,1,0,1,0.0
yunis,1,0,1,0.0
airstrike,1,0,1,0.0
khan,1,0,1,0.0
lifeless,1,0,1,0.0
bombed,1,0,1,0.0
amid,1,0,1,0.0
erupted,1,0,1,0.0
tragically,1,0,1,0.0
outbreak,1,0,1,0.0
relentless,1,0,1,0.0
pleading,1,0,1,0.0
hawaiian,1,0,1,0.0
affected,1,0,1,0.0
fixed,1,0,1,0.0
flint,1,0,1,0.0
solved,1,0,1,0.0
dumber,1,0,1,0.0
legacy,1,0,1,0.0
forgiven,1,0,1,0.0
grandchildren,1,0,1,0.0
repairing,1,0,1,0.0
международным,1,0,1,0.0
секс,1,0,1,0.0
наций,1,0,1,0.0
во,1,0,1,0.0
мир,1,0,1,0.0
службы,1,0,1,0.0
десятка,1,0,1,0.0
вы,1,0,1,0.0
нужна,1,0,1,0.0
этого,1,0,1,0.0
мировым,1,0,1,0.0
преступлений,1,0,1,0.0
суду,1,0,1,0.0
геноцид,1,0,1,0.0
пользователя,1,0,1,0.0
достоинства,1,0,1,0.0
спам,1,0,1,0.0
расследует,1,0,1,0.0
помощью,1,0,1,0.0
факты,1,0,1,0.0
позор,1,0,1,0.0
видят,1,0,1,0.0
лет,1,0,1,0.0
без,1,0,1,0.0
легализовал,1,0,1,0.0
характера,1,0,1,0.0
стран,1,0,1,0.0
преступление,1,0,1,0.0
доказательство,1,0,1,0.0
за,1,0,1,0.0
марка,1,0,1,0.0
должно,1,0,1,0.0
и,1,0,1,0.0
моих,1,0,1,0.0
преступной,1,0,1,0.0
цукерберг,1,0,1,0.0
число,1,0,1,0.0
мире,1,0,1,0.0
почему,1,0,1,0.0
копии,1,0,1,0.0
терабайта,1,0,1,0.0
sos,1,0,1,0.0
профелей,1,0,1,0.0
вопрос,1,0,1,0.0
день,1,0,1,0.0
сеть,1,0,1,0.0
тебе,1,0,1,0.0
доказательства,1,0,1,0.0
другим,1,0,1,0.0
писать,1,0,1,0.0
социальных,1,0,1,0.0
писем,1,0,1,0.0
распростряняют,1,0,1,0.0
на,1,0,1,0.0
прессе,1,0,1,0.0
открытый,1,0,1,0.0
удалив,1,0,1,0.0
только,1,0,1,0.0
подымаете,1,0,1,0.0
всей,1,0,1,0.0
поддержки,1,0,1,0.0
сексуального,1,0,1,0.0
разврата,1,0,1,0.0
созданных,1,0,1,0.0
государст,1,0,1,0.0
организуют,1,0,1,0.0
подрывает,1,0,1,0.0
мировой,1,0,1,0.0
статистика,1,0,1,0.0
чтобы,1,0,1,0.0
по,1,0,1,0.0
распространят,1,0,1,0.0
готов,1,0,1,0.0
управлять,1,0,1,0.0
обьединенных,1,0,1,0.0
троллей,1,0,1,0.0
публикуют,1,0,1,0.0
сообщений,1,0,1,0.0
публикаций,1,0,1,0.0
акционерам,1,0,1,0.0
всех,1,0,1,0.0
названия,1,0,1,0.0
того,1,0,1,0.0
видеть,1,0,1,0.0
сетях,1,0,1,0.0
уголовного,1,0,1,0.0
мне,1,0,1,0.0
является,1,0,1,0.0
для,1,0,1,0.0
против,1,0,1,0.0
являются,1,0,1,0.0
тысяч,1,0,1,0.0
таких,1,0,1,0.0
нарушающих,1,0,1,0.0
а,1,0,1,0.0
уголовное,1,0,1,0.0
преступная,1,0,1,0.0
крупном,1,0,1,0.0
переданы,1,0,1,0.0
видео,1,0,1,0.0
совершенные,1,0,1,0.0
группы,1,0,1,0.0
преступлениях,1,0,1,0.0
продолжает,1,0,1,0.0
я,1,0,1,0.0
прав,1,0,1,0.0
удалила,1,0,1,0.0
мировому,1,0,1,0.0
моей,1,0,1,0.0
особо,1,0,1,0.0
вас,1,0,1,0.0
главам,1,0,1,0.0
свои,1,0,1,0.0
руководство,1,0,1,0.0
группу,1,0,1,0.0
телеканалам,1,0,1,0.0
масштабе,1,0,1,0.0
информационым,1,0,1,0.0
публикации,1,0,1,0.0
которые,1,0,1,0.0
местах,1,0,1,0.0
удаляет,1,0,1,0.0
армии,1,0,1,0.0
унижению,1,0,1,0.0
постоянно,1,0,1,0.0
органам,1,0,1,0.0
вот,1,0,1,0.0
пошлости,1,0,1,0.0
общественному,1,0,1,0.0
искусства,1,0,1,0.0
вероисповеданию,1,0,1,0.0
публикует,1,0,1,0.0
уже,1,0,1,0.0
почту,1,0,1,0.0
социальной,1,0,1,0.0
письме,1,0,1,0.0
всему,1,0,1,0.0
преледование,1,0,1,0.0
общественых,1,0,1,0.0
это,1,0,1,0.0
уничтожит,1,0,1,0.0
судить,1,0,1,0.0
санкции,1,0,1,0.0
марк,1,0,1,0.0
меня,1,0,1,0.0
все,1,0,1,0.0
сообщества,1,0,1,0.0
людей,1,0,1,0.0
совершать,1,0,1,0.0
бы,1,0,1,0.0
уголовные,1,0,1,0.0
что,1,0,1,0.0
обращаюсь,1,0,1,0.0
качестве,1,0,1,0.0
сообщения,1,0,1,0.0
прошу,1,0,1,0.0
твои,1,0,1,0.0
дни,1,0,1,0.0
этом,1,0,1,0.0
правам,1,0,1,0.0
нарушены,1,0,1,0.0
фиксирую,1,0,1,0.0
служба,1,0,1,0.0
уголовным,1,0,1,0.0
направленных,1,0,1,0.0
антисоциальной,1,0,1,0.0
преступления,1,0,1,0.0
его,1,0,1,0.0
весь,1,0,1,0.0
управляет,1,0,1,0.0
организациям,1,0,1,0.0
изложеные,1,0,1,0.0
сша,1,0,1,0.0
всем,1,0,1,0.0
борьба,1,0,1,0.0
видит,1,0,1,0.0
он,1,0,1,0.0
доказательств,1,0,1,0.0
службу,1,0,1,0.0
сотни,1,0,1,0.0
может,1,0,1,0.0
организации,1,0,1,0.0
фото,1,0,1,0.0
тролля,1,0,1,0.0
выявил,1,0,1,0.0
ввидео,1,0,1,0.0
руководству,1,0,1,0.0
их,1,0,1,0.0
международному,1,0,1,0.0
экрана,1,0,1,0.0
мирового,1,0,1,0.0
служат,1,0,1,0.0
препятственно,1,0,1,0.0
вводятся,1,0,1,0.0
из,1,0,1,0.0
были,1,0,1,0.0
доказательством,1,0,1,0.0
будут,1,0,1,0.0
правдой,1,0,1,0.0
заблокировал,1,0,1,0.0
секса,1,0,1,0.0
совету,1,0,1,0.0
мою,1,0,1,0.0
не,1,0,1,0.0
направленностью,1,0,1,0.0
авторитет,1,0,1,0.0
человека,1,0,1,0.0
агентствам,1,0,1,0.0
агенствам,1,0,1,0.0
политиков,1,0,1,0.0
последние,1,0,1,0.0
социальная,1,0,1,0.0
распрострянять,1,0,1,0.0
идет,1,0,1,0.0
следственным,1,0,1,0.0
группе,1,0,1,0.0
преследованию,1,0,1,0.0
скрыт,1,0,1,0.0
цукерберга,1,0,1,0.0
каждый,1,0,1,0.0
кто,1,0,1,0.0
права,1,0,1,0.0
блокировка,1,0,1,0.0
полная,1,0,1,0.0
преступлением,1,0,1,0.0
о,1,0,1,0.0
информационным,1,0,1,0.0
организованная,1,0,1,0.0
национальности,1,0,1,0.0
комментариев,1,0,1,0.0
организует,1,0,1,0.0
распространение,1,0,1,0.0
профилей,1,0,1,0.0
другие,1,0,1,0.0
с,1,0,1,0.0
уничтожает,1,0,1,0.0
государств,1,0,1,0.0
возбуждения,1,0,1,0.0
хотя,1,0,1,0.0
блокирует,1,0,1,0.0
преступлениями,1,0,1,0.0
то,1,0,1,0.0
пользователей,1,0,1,0.0
адреса,1,0,1,0.0
мира,1,0,1,0.0
директоров,1,0,1,0.0
посланных,1,0,1,0.0
предоставить,1,0,1,0.0
людми,1,0,1,0.0
человеческого,1,0,1,0.0
к,1,0,1,0.0
удалленных,1,0,1,0.0
участников,1,0,1,0.0
внедрила,1,0,1,0.0
правах,1,0,1,0.0
растает,1,0,1,0.0
групп,1,0,1,0.0
в,1,0,1,0.0
сообществу,1,0,1,0.0
более,1,0,1,0.0
совершил,1,0,1,0.0
сегодня,1,0,1,0.0
травлей,1,0,1,0.0
часа,1,0,1,0.0
удаления,1,0,1,0.0
как,1,0,1,0.0
сети,1,0,1,0.0
donate,1,0,1,0.0
oferecido,2,0,2,0.0
resto,2,0,2,0.0
quilo,2,0,2,0.0
carros,2,0,2,0.0
ministerial,2,0,2,0.0
deve,2,0,2,0.0
acate,2,0,2,0.0
deposição,2,0,2,0.0
financiador,2,0,2,0.0
raptadores,2,0,2,0.0
mobilização,2,0,2,0.0
êmbúlo,2,0,2,0.0
subo,2,0,2,0.0
silva,2,0,2,0.0
morto,2,0,2,0.0
empresa,2,0,2,0.0
hediondo,2,0,2,0.0
agrupado,2,0,2,0.0
em,2,0,2,0.0
após,2,0,2,0.0
hipo,2,0,2,0.0
falsa,2,0,2,0.0
tangente,2,0,2,0.0
curva,2,0,2,0.0
inss,2,0,2,0.0
puverizada,2,0,2,0.0
fim,2,0,2,0.0
combinado,2,0,2,0.0
ao,2,0,2,0.0
tellephonia,2,0,2,0.0
expulsar,2,0,2,0.0
autoexecutatórial,2,0,2,0.0
verozes,2,0,2,0.0
fundos,2,0,2,0.0
próprios,2,0,2,0.0
alinhamento,2,0,2,0.0
escada,2,0,2,0.0
bilhõe,2,0,2,0.0
peças,2,0,2,0.0
nessas,2,0,2,0.0
mafia,2,0,2,0.0
indianos,2,0,2,0.0
quadro,2,0,2,0.0
física,2,0,2,0.0
igual,2,0,2,0.0
itinerário,2,0,2,0.0
falsificadores,2,0,2,0.0
lacuna,2,0,2,0.0
exposto,2,0,2,0.0
assassinos,2,0,2,0.0
verme,2,0,2,0.0
ú,2,0,2,0.0
z,2,0,2,0.0
ônibus,2,0,2,0.0
estuprar,2,0,2,0.0
eliminar,2,0,2,0.0
desenvolvimento,2,0,2,0.0
coroneis,2,0,2,0.0
exibir,2,0,2,0.0
criança,2,0,2,0.0
desenfreada,2,0,2,0.0
brilhões,2,0,2,0.0
charle,2,0,2,0.0
água,2,0,2,0.0
ser,3,0,3,0.0
posentar,2,0,2,0.0
executar,2,0,2,0.0
sua,2,0,2,0.0
bota,2,0,2,0.0
tário,2,0,2,0.0
provimento,2,0,2,0.0
balança,2,0,2,0.0
comemorar,2,0,2,0.0
mistura,2,0,2,0.0
outrem,2,0,2,0.0
pirata,2,0,2,0.0
entre,2,0,2,0.0
tri,2,0,2,0.0
shalopinha,2,0,2,0.0
lula,2,0,2,0.0
seu,2,0,2,0.0
mal,2,0,2,0.0
dono,2,0,2,0.0
velho,2,0,2,0.0
estaduais,2,0,2,0.0
pular,2,0,2,0.0
onu,2,0,2,0.0
elástica,2,0,2,0.0
ladrão,2,0,2,0.0
imbutidas,2,0,2,0.0
aonde,2,0,2,0.0
raios,2,0,2,0.0
código,2,0,2,0.0
reversas,2,0,2,0.0
autorização,2,0,2,0.0
direito,2,0,2,0.0
recondicionados,2,0,2,0.0
encima,2,0,2,0.0
policia,2,0,2,0.0
túnel,2,0,2,0.0
tailândia,2,0,2,0.0
sim,2,0,2,0.0
intra,2,0,2,0.0
tratasse,2,0,2,0.0
próprio,2,0,2,0.0
interesse,2,0,2,0.0
depósito,2,0,2,0.0
rede,2,0,2,0.0
falsarios,2,0,2,0.0
cruz,3,0,3,0.0
agu,2,0,2,0.0
peseudonimo,2,0,2,0.0
dos,2,0,2,0.0
perímitral,2,0,2,0.0
manter,2,0,2,0.0
inácio,2,0,2,0.0
santo,2,0,2,0.0
grego,2,0,2,0.0
deveser,2,0,2,0.0
arco,2,0,2,0.0
ministerio,2,0,2,0.0
como,2,0,2,0.0
sortida,2,0,2,0.0
equatórial,2,0,2,0.0
oficio,2,0,2,0.0
têm,2,0,2,0.0
prestadoras,2,0,2,0.0
nâ,2,0,2,0.0
veado,2,0,2,0.0
pessoal,2,0,2,0.0
telefonia,2,0,2,0.0
mandou,2,0,2,0.0
alugado,2,0,2,0.0
atividade,2,0,2,0.0
luiz,2,0,2,0.0
escola,2,0,2,0.0
servidores,2,0,2,0.0
pais,2,0,2,0.0
submarino,2,0,2,0.0
pré,2,0,2,0.0
mais,2,0,2,0.0
uniao,2,0,2,0.0
lucro,2,0,2,0.0
pudo,2,0,2,0.0
policiais,2,0,2,0.0
é,2,0,2,0.0
emergencia,2,0,2,0.0
gratificar,2,0,2,0.0
atômo,2,0,2,0.0
fazer,2,0,2,0.0
errado,2,0,2,0.0
intenções,2,0,2,0.0
antigo,2,0,2,0.0
usurpadores,2,0,2,0.0
agiotas,2,0,2,0.0
concursado,2,0,2,0.0
dolo,2,0,2,0.0
contrados,2,0,2,0.0
alheio,2,0,2,0.0
ario,2,0,2,0.0
atual,2,0,2,0.0
estar,2,0,2,0.0
fat,3,1,2,0.3333333333333333
deposto,2,0,2,0.0
enganadores,2,0,2,0.0
seculo,2,0,2,0.0
uvc,2,0,2,0.0
tratamento,2,0,2,0.0
máfia,2,0,2,0.0
agiota,2,0,2,0.0
descodificando,2,0,2,0.0
imposto,2,0,2,0.0
administração,2,0,2,0.0
mérito,2,0,2,0.0
livra,2,0,2,0.0
letra,2,0,2,0.0
fraudulento,2,0,2,0.0
mil,2,0,2,0.0
vaga,2,0,2,0.0
ganha,2,0,2,0.0
infinity,2,0,2,0.0
ati,2,0,2,0.0
haia,2,0,2,0.0
âmparo,2,0,2,0.0
plano,2,0,2,0.0
esquema,2,0,2,0.0
bio,2,0,2,0.0
seja,2,0,2,0.0
século,2,0,2,0.0
astropatas,2,0,2,0.0
copo,2,0,2,0.0
subir,2,0,2,0.0
marinha,2,0,2,0.0
protetivo,2,0,2,0.0
falso,2,0,2,0.0
circunscrição,2,0,2,0.0
sócrater,2,0,2,0.0
dedos,2,0,2,0.0
hiat,2,0,2,0.0
ressentimento,2,0,2,0.0
flagrante,2,0,2,0.0
promoção,2,0,2,0.0
fosse,2,0,2,0.0
vende,2,0,2,0.0
usurpando,2,0,2,0.0
controladoria,2,0,2,0.0
emprego,2,0,2,0.0
pós,2,0,2,0.0
arvores,2,0,2,0.0
ter,2,0,2,0.0
milhões,2,0,2,0.0
corruptos,2,0,2,0.0
dezenvouvimento,2,0,2,0.0
instituto,2,0,2,0.0
prospectando,2,0,2,0.0
sensorial,2,0,2,0.0
direcionamento,2,0,2,0.0
sempre,2,0,2,0.0
certo,2,0,2,0.0
motos,2,0,2,0.0
competição,2,0,2,0.0
mor,2,0,2,0.0
poder,2,0,2,0.0
discreta,2,0,2,0.0
predenominamdo,2,0,2,0.0
militar,2,0,2,0.0
suas,2,0,2,0.0
posterior,2,0,2,0.0
golpe,2,0,2,0.0
equidade,2,0,2,0.0
fundo,2,0,2,0.0
escorpião,2,0,2,0.0
americanos,2,0,2,0.0
acima,2,0,2,0.0
genética,2,0,2,0.0
vaticano,2,0,2,0.0
di,2,0,2,0.0
pensando,2,0,2,0.0
verdana,2,0,2,0.0
pois,2,0,2,0.0
humano,2,0,2,0.0
visando,2,0,2,0.0
saber,2,0,2,0.0
roba,2,0,2,0.0
anos,2,0,2,0.0
bandidos,2,0,2,0.0
atrapalhando,2,0,2,0.0
assegura,2,0,2,0.0
secretas,2,0,2,0.0
robar,2,0,2,0.0
seguro,2,0,2,0.0
tributário,2,0,2,0.0
maçno,2,0,2,0.0
outros,2,0,2,0.0
caso,2,0,2,0.0
compusoria,2,0,2,0.0
alocadas,2,0,2,0.0
preterição,2,0,2,0.0
transforma,2,0,2,0.0
marina,2,0,2,0.0
anús,2,0,2,0.0
adstrição,2,0,2,0.0
omitir,2,0,2,0.0
contra,2,0,2,0.0
guerra,2,0,2,0.0
ano,2,0,2,0.0
prévia,2,0,2,0.0
maçons,2,0,2,0.0
romano,2,0,2,0.0
exército,2,0,2,0.0
depopostar,2,0,2,0.0
jantar,2,0,2,0.0
escrútinios,2,0,2,0.0
oficiais,2,0,2,0.0
esforço,2,0,2,0.0
públicos,2,0,2,0.0
judiciário,2,0,2,0.0
precisar,2,0,2,0.0
aeronáutica,2,0,2,0.0
contribuir,2,0,2,0.0
ajustando,2,0,2,0.0
aposentar,2,0,2,0.0
ponto,2,0,2,0.0
geral,2,0,2,0.0
readaptação,2,0,2,0.0
espaço,2,0,2,0.0
reconvernsao,2,0,2,0.0
pelo,2,0,2,0.0
iniciado,2,0,2,0.0
pitbull,2,0,2,0.0
doativos,2,0,2,0.0
tira,2,0,2,0.0
os,2,0,2,0.0
fazendo,2,0,2,0.0
mero,2,0,2,0.0
kangal,2,0,2,0.0
tailandia,2,0,2,0.0
renovar,2,0,2,0.0
dormi,2,0,2,0.0
escravos,2,0,2,0.0
outro,2,0,2,0.0
dê,2,0,2,0.0
peso,2,0,2,0.0
policial,2,0,2,0.0
pericia,2,0,2,0.0
brasil,2,0,2,0.0
juros,2,0,2,0.0
ê,2,0,2,0.0
dóciu,2,0,2,0.0
previo,2,0,2,0.0
defeito,2,0,2,0.0
contratados,2,0,2,0.0
mesmo,2,0,2,0.0
lucraencima,2,0,2,0.0
lateral,2,0,2,0.0
manços,2,0,2,0.0
lei,2,0,2,0.0
andré,2,0,2,0.0
deus,3,0,3,0.0
ministério,2,0,2,0.0
traidores,2,0,2,0.0
financiado,2,0,2,0.0
rei,2,0,2,0.0
sem,2,0,2,0.0
então,2,0,2,0.0
dar,2,0,2,0.0
advogados,2,0,2,0.0
trocadas,2,0,2,0.0
motor,2,0,2,0.0
serto,2,0,2,0.0
querem,2,0,2,0.0
ir,2,0,2,0.0
mundo,3,0,3,0.0
venda,2,0,2,0.0
funcionários,2,0,2,0.0
júros,2,0,2,0.0
pessoas,2,0,2,0.0
ladroes,2,0,2,0.0
tática,2,0,2,0.0
procuradores,2,0,2,0.0
sódio,2,0,2,0.0
bem,2,0,2,0.0
cidadania,2,0,2,0.0
pedido,2,0,2,0.0
irt,2,0,2,0.0
introspecção,2,0,2,0.0
dever,2,0,2,0.0
reais,2,0,2,0.0
acoberat,2,0,2,0.0
aura,2,0,2,0.0
imaterial,2,0,2,0.0
iat,2,0,2,0.0
decisões,2,0,2,0.0
divertindo,2,0,2,0.0
traficantes,2,0,2,0.0
pedófilos,2,0,2,0.0
norte,2,0,2,0.0
traficante,2,0,2,0.0
tanque,2,0,2,0.0
crescimentos,2,0,2,0.0
olheiro,2,0,2,0.0
público,2,0,2,0.0
portugual,2,0,2,0.0
fiat,2,0,2,0.0
criesse,2,0,2,0.0
população,2,0,2,0.0
verdadeiro,2,0,2,0.0
dias,2,0,2,0.0
desvio,2,0,2,0.0
versos,2,0,2,0.0
vuneravel,2,0,2,0.0
manso,2,0,2,0.0
gato,2,0,2,0.0
desrespeita,2,0,2,0.0
vidros,2,0,2,0.0
sociopatas,2,0,2,0.0
ladrões,2,0,2,0.0
meses,2,0,2,0.0
união,2,0,2,0.0
meios,2,0,2,0.0
codigo,2,0,2,0.0
alvo,2,0,2,0.0
corpo,2,0,2,0.0
matar,2,0,2,0.0
caixão,2,0,2,0.0
esta,2,0,2,0.0
insufilme,2,0,2,0.0
serem,2,0,2,0.0
ganâncias,2,0,2,0.0
falsos,2,0,2,0.0
trabalhador,2,0,2,0.0
nao,2,0,2,0.0
annagrama,2,0,2,0.0
estado,2,0,2,0.0
voluntario,2,0,2,0.0
fingir,2,0,2,0.0
farsantes,2,0,2,0.0
tirar,2,0,2,0.0
atrapalha,2,0,2,0.0
sê,2,0,2,0.0
brazil,2,0,2,0.0
intimas,2,0,2,0.0
caloroso,2,0,2,0.0
ô,2,0,2,0.0
fomenter,2,0,2,0.0
seus,2,0,2,0.0
isto,2,0,2,0.0
essas,2,0,2,0.0
dois,2,0,2,0.0
amigo,3,0,3,0.0
bumbling,1,1,0,1.0
window,1,1,0,1.0
journalist,2,1,1,0.5
responsibility,1,0,1,0.0
executed,1,0,1,0.0
published,1,0,1,0.0
concurrence,1,0,1,0.0
remind,1,0,1,0.0
ignored,1,0,1,0.0
predicament,1,0,1,0.0
gonzalo,1,0,1,0.0
lira,1,0,1,0.0
dungeon,1,0,1,0.0
receiving,1,0,1,0.0
dander,1,0,1,0.0
cartoon,1,0,1,0.0
department,3,1,2,0.3333333333333333
unbearable,1,0,1,0.0
criticized,2,0,2,0.0
inhuman,1,0,1,0.0
died,1,0,1,0.0
torture,1,0,1,0.0
zelensky,2,1,1,0.5
tyrant,1,0,1,0.0
dissident,1,0,1,0.0
claims,1,0,1,0.0
named,1,0,1,0.0
tither,1,0,1,0.0
showed,1,0,1,0.0
churchill,1,0,1,0.0
jamal,1,0,1,0.0
articles,1,0,1,0.0
enabled,1,0,1,0.0
khashoggi,1,0,1,0.0
rip,1,0,1,0.0
tortured,1,0,1,0.0
inadequate,1,0,1,0.0
stalin,1,0,1,0.0
epic,2,0,2,0.0
feeling,1,0,1,0.0
booming,1,0,1,0.0
clinton,1,0,1,0.0
pedophilia,1,0,1,0.0
avoid,1,0,1,0.0
ing,1,0,1,0.0
sfos,1,0,1,0.0
payroll,1,0,1,0.0
reopen,1,0,1,0.0
sabotaging,1,0,1,0.0
constitutionalists,1,1,0,1.0
gulag,1,1,0,1.0
prisoners,1,1,0,1.0
tyranny,1,1,0,1.0
hole,2,1,1,0.5
trusting,1,1,0,1.0
lady,1,1,0,1.0
beyond,2,1,1,0.5
either,3,1,2,0.3333333333333333
jake,2,1,1,0.5
versus,1,1,0,1.0
lang,2,1,1,0.5
miscarriage,1,1,0,1.0
shadow,1,1,0,1.0
intense,1,1,0,1.0
realization,1,1,0,1.0
courtroom,1,1,0,1.0
surface,1,1,0,1.0
whitewashed,1,1,0,1.0
distress,1,1,0,1.0
treated,1,1,0,1.0
basement,2,1,1,0.5
satanic,1,1,0,1.0
struggle,1,1,0,1.0
arm,1,1,0,1.0
warfare,1,1,0,1.0
overdue,1,0,1,0.0
vague,1,0,1,0.0
bycott,1,0,1,0.0
advertise,1,0,1,0.0
publically,1,0,1,0.0
hijacking,1,0,1,0.0
steps,1,0,1,0.0
opaque,1,0,1,0.0
software,1,0,1,0.0
lawyers,1,0,1,0.0
coordinate,1,0,1,0.0
products,2,0,2,0.0
contracts,2,0,2,0.0
converage,1,0,1,0.0
awareness,1,0,1,0.0
biast,1,0,1,0.0
included,1,0,1,0.0
deliberate,1,0,1,0.0
demad,1,0,1,0.0
select,1,0,1,0.0
broadcast,1,0,1,0.0
gather,1,0,1,0.0
twhat,1,0,1,0.0
squares,1,0,1,0.0
selected,1,0,1,0.0
contacts,1,0,1,0.0
arrange,1,0,1,0.0
file,1,0,1,0.0
saturday,1,0,1,0.0
blockage,1,0,1,0.0
sue,1,0,1,0.0
exchange,1,0,1,0.0
controlled,1,0,1,0.0
anerican,1,0,1,0.0
gatewaypundit,2,1,1,0.5
patriots,2,1,1,0.5
explains,1,0,1,0.0
doj,1,0,1,0.0
exactly,1,0,1,0.0
darn,1,0,1,0.0
brain,3,0,3,0.0
soooo,1,1,0,1.0
monitor,1,0,1,0.0
injured,3,0,3,0.0
approximately,1,0,1,0.0
source,1,0,1,0.0
throne,1,0,1,0.0
nowise,1,0,1,0.0
fluids,1,0,1,0.0
alternation,1,0,1,0.0
হল,1,0,1,0.0
doth,1,0,1,0.0
উপর,1,0,1,0.0
hath,1,0,1,0.0
might,2,0,2,0.0
এ,1,0,1,0.0
beneath,1,0,1,0.0
এই,1,0,1,0.0
flow,1,0,1,0.0
beginneth,1,0,1,0.0
earned,1,0,1,0.0
repeateth,1,0,1,0.0
intercessor,1,0,1,0.0
governing,1,0,1,0.0
এর,1,0,1,0.0
ভয়,1,0,1,0.0
rivers,1,0,1,0.0
plead,1,0,1,0.0
আর,1,0,1,0.0
ও,1,0,1,0.0
six,1,0,1,0.0
penalty,1,0,1,0.0
অতএব,1,0,1,0.0
সবই,1,0,1,0.0
কর,1,0,1,0.0
beauty,1,0,1,0.0
reward,1,0,1,0.0
fear,2,0,2,0.0
regulating,1,0,1,0.0
reject,2,0,2,0.0
detail,1,0,1,0.0
হয়,1,0,1,0.0
admonition,1,0,1,0.0
shining,1,0,1,0.0
abode,1,0,1,0.0
pleased,1,0,1,0.0
draughts,1,0,1,0.0
gardens,1,0,1,0.0
present,2,1,1,0.5
এমন,1,0,1,0.0
righteousness,1,0,1,0.0
established,2,1,1,0.5
ছয়,1,0,1,0.0
moon,1,0,1,0.0
obtained,1,0,1,0.0
firmly,1,0,1,0.0
ye,1,0,1,0.0
thus,2,0,2,0.0
heed,1,0,1,0.0
boiling,1,0,1,0.0
bliss,1,0,1,0.0
cheat,1,0,1,0.0
cheated,1,0,1,0.0
detention,1,1,0,1.0
blessings,1,1,0,1.0
blockade,1,1,0,1.0
resist,1,1,0,1.0
hating,1,1,0,1.0
freepalestine,3,2,1,0.6666666666666666
malcolm,1,1,0,1.0
expanding,1,1,0,1.0
originally,1,1,0,1.0
expulsion,1,1,0,1.0
gazan,1,1,0,1.0
newspapers,1,1,0,1.0
refugees,1,1,0,1.0
completion,1,1,0,1.0
liberation,1,1,0,1.0
justifying,1,1,0,1.0
protestors,1,0,1,0.0
jones,2,2,0,1.0
fuzzy,1,0,1,0.0
masterpiece,1,1,0,1.0
intellectual,1,1,0,1.0
gorman,1,1,0,1.0
froglegs,1,1,0,1.0
voteblue,1,0,1,0.0
initiative,1,0,1,0.0
opted,1,0,1,0.0
hometown,1,1,0,1.0
criminality,1,0,1,0.0
participation,3,1,2,0.3333333333333333
reputation,1,0,1,0.0
deteriorate,1,0,1,0.0
hahahahahahahahahahahaha,1,0,1,0.0
bydens,1,0,1,0.0
absolute,1,0,1,0.0
وهشی,1,0,1,0.0
بیناموس,1,0,1,0.0
اولین,1,0,1,0.0
تو,1,0,1,0.0
ریس,1,0,1,0.0
خول,1,0,1,0.0
جمهور,1,0,1,0.0
دنیا,1,0,1,0.0
گوزوک,1,0,1,0.0
guidance,1,1,0,1.0
valuable,1,1,0,1.0
resident,1,0,1,0.0
efternon,1,1,0,1.0
shalom,1,0,1,0.0
yhwh,1,0,1,0.0
حالن,1,0,1,0.0
اشخاص,1,0,1,0.0
منقابل,1,0,1,0.0
نرجسيين,1,0,1,0.0
كيف,1,0,1,0.0
كتير,1,0,1,0.0
احيان,1,0,1,0.0
النرجسي,1,0,1,0.0
التعامل,1,0,1,0.0
المقدس,1,0,1,0.0
معه,1,0,1,0.0
كلام,1,0,1,0.0
معهن,1,0,1,0.0
الكتاب,1,0,1,0.0
وشايفين,1,0,1,0.0
نتصرف,1,0,1,0.0
بعلمنا,1,0,1,0.0
هالفيديو,1,0,1,0.0
وكيفية,1,0,1,0.0
بحسب,1,0,1,0.0
bullshitery,1,0,1,0.0
bidencomic,1,0,1,0.0
ان,1,0,1,0.0
الصهاينة,1,0,1,0.0
سياستك,1,0,1,0.0
البلاد,1,0,1,0.0
ارحل,1,0,1,0.0
قبل,1,0,1,0.0
الفاشلة,1,0,1,0.0
تدمر,1,0,1,0.0
النازيين,1,0,1,0.0
الداعمة,1,0,1,0.0
كامل,1,0,1,0.0
لارهاب,1,0,1,0.0
العربية,1,0,1,0.0
renting,1,0,1,0.0
inventory,1,0,1,0.0
bankrupt,1,0,1,0.0
nobody,2,0,2,0.0
hertz,1,0,1,0.0
canceled,2,0,2,0.0
evs,1,0,1,0.0
shore,1,0,1,0.0
vine,1,0,1,0.0
deals,1,0,1,0.0
spent,2,2,0,1.0
intent,1,1,0,1.0
offices,1,1,0,1.0
deeper,1,1,0,1.0
bureaucracy,1,1,0,1.0
expansive,1,1,0,1.0
entirety,1,1,0,1.0
fbi,2,1,1,0.5
providing,1,1,0,1.0
meaning,1,1,0,1.0
write,3,3,0,1.0
rotten,1,1,0,1.0
ravaging,1,1,0,1.0
manhattan,1,1,0,1.0
delaware,1,1,0,1.0
kentucky,1,1,0,1.0
origins,1,1,0,1.0
roosevelt,1,1,0,1.0
hq,1,1,0,1.0
throwing,1,1,0,1.0
allegations,1,1,0,1.0
commit,2,1,1,0.5
originating,1,1,0,1.0
theories,1,1,0,1.0
bible,1,1,0,1.0
theodore,1,1,0,1.0
belly,1,1,0,1.0
committee,1,1,0,1.0
exposing,1,1,0,1.0
honored,1,1,0,1.0
witness,1,1,0,1.0
patriotic,2,1,1,0.5
sadness,1,1,0,1.0
sworn,1,1,0,1.0
separate,1,1,0,1.0
credible,1,1,0,1.0
desecration,1,1,0,1.0
oversight,1,1,0,1.0
informants,1,1,0,1.0
defend,1,1,0,1.0
conspiracy,1,1,0,1.0
bribery,1,1,0,1.0
triumvirate,1,1,0,1.0
desk,1,1,0,1.0
brooklyn,1,1,0,1.0
unholy,1,1,0,1.0
shuts,1,1,0,1.0
everytime,2,1,1,0.5
agreement,1,1,0,1.0
beast,1,1,0,1.0
comer,1,1,0,1.0
astonishment,1,1,0,1.0
delve,1,1,0,1.0
attorney,1,1,0,1.0
matters,2,1,1,0.5
noun,1,1,0,1.0
fkh,1,0,1,0.0
domestically,1,1,0,1.0
amount,1,1,0,1.0
g,1,1,0,1.0
lesser,1,1,0,1.0
fundings,1,1,0,1.0
clearance,1,0,1,0.0
shoppers,1,0,1,0.0
walmart,1,0,1,0.0
lazy,1,0,1,0.0
mandated,1,0,1,0.0
unconstitutionally,1,0,1,0.0
marxist,1,0,1,0.0
genocidin,1,0,1,0.0
passed,1,0,1,0.0
similar,1,1,0,1.0
struggles,1,1,0,1.0
dignity,1,1,0,1.0
utmost,1,1,0,1.0
gratitude,1,1,0,1.0
relate,1,1,0,1.0
regards,1,1,0,1.0
lovely,1,1,0,1.0
apologize,1,1,0,1.0
tim,1,1,0,1.0
undying,1,1,0,1.0
pretty,1,1,0,1.0
moves,1,1,0,1.0
nazi,1,1,0,1.0
creates,1,1,0,1.0
cronie,1,0,1,0.0
ghostbusters,1,0,1,0.0
rebound,1,0,1,0.0
uck,1,1,0,1.0
birlikte,1,0,1,0.0
söyleyelim,1,0,1,0.0
ilahe,1,0,1,0.0
illallah,1,0,1,0.0
resuluh,1,0,1,0.0
muhammeden,1,0,1,0.0
enla,1,0,1,0.0
abduhu,1,0,1,0.0
eşhedü,1,0,1,0.0
enne,1,0,1,0.0
rasulullaheşhedü,1,0,1,0.0
shitshow,1,0,1,0.0
bidenn,1,0,1,0.0
dachshund,1,0,1,0.0
loverr,1,0,1,0.0
hunting,1,0,1,0.0
rules,1,0,1,0.0
hardy,1,0,1,0.0
australian,1,0,1,0.0
superpower,1,0,1,0.0
invariably,1,0,1,0.0
soft,2,1,1,0.5
aftermath,1,0,1,0.0
repeat,2,0,2,0.0
birthplace,1,0,1,0.0
tiger,2,0,2,0.0
taunting,1,0,1,0.0
tinpot,1,0,1,0.0
guessed,1,0,1,0.0
shithousery,1,0,1,0.0
erratic,1,0,1,0.0
sledging,1,0,1,0.0
cricketers,1,0,1,0.0
implied,1,0,1,0.0
hardship,1,0,1,0.0
sufferers,1,0,1,0.0
starts,1,0,1,0.0
shameless,1,0,1,0.0
astonishing,1,0,1,0.0
riling,1,0,1,0.0
tungipara,1,0,1,0.0
launder,1,0,1,0.0
royalties,1,0,1,0.0
liers,1,0,1,0.0
backs,1,0,1,0.0
laundered,1,0,1,0.0
kick,2,0,2,0.0
wonderful,1,1,0,1.0
udo,1,0,1,0.0
christopher,1,0,1,0.0
displace,1,1,0,1.0
weakness,1,1,0,1.0
vets,1,1,0,1.0
laws,2,1,1,0.5
paint,1,0,1,0.0
moore,1,0,1,0.0
shutting,1,0,1,0.0
folding,1,0,1,0.0
hmmm,1,0,1,0.0
manufacturers,1,0,1,0.0
mandamentos,1,0,1,0.0
unidos,1,0,1,0.0
gente,1,0,1,0.0
obedecer,1,0,1,0.0
todo,1,0,1,0.0
quiser,1,0,1,0.0
tem,1,0,1,0.0
feliz,1,0,1,0.0
vile,1,0,1,0.0
compassion,1,0,1,0.0
antisemitism,1,0,1,0.0
pantries,1,0,1,0.0
thrilled,1,0,1,0.0
enforce,1,0,1,0.0
daughter,1,0,1,0.0
elderly,1,0,1,0.0
waves,1,0,1,0.0
minorities,1,0,1,0.0
flooding,1,0,1,0.0
disgusted,1,0,1,0.0
cornel,1,0,1,0.0
rising,4,0,4,0.0
household,1,0,1,0.0
cumulative,1,0,1,0.0
pm,2,1,1,0.5
lows,1,0,1,0.0
commanders,1,0,1,0.0
openly,1,0,1,0.0
lebanese,1,0,1,0.0
exaggeration,1,0,1,0.0
befell,1,0,1,0.0
hassan,1,0,1,0.0
sayyed,1,0,1,0.0
taweel,1,0,1,0.0
fronts,1,0,1,0.0
intimidation,1,0,1,0.0
threatened,1,0,1,0.0
mentality,1,0,1,0.0
displaying,1,0,1,0.0
rockets,1,0,1,0.0
mired,1,0,1,0.0
captive,1,0,1,0.0
limits,1,0,1,0.0
analysts,1,0,1,0.0
resisting,1,0,1,0.0
ignorant,2,0,2,0.0
wissam,1,0,1,0.0
nasrallah,1,0,1,0.0
anniversary,2,1,1,0.5
yemenis,1,0,1,0.0
recover,1,0,1,0.0
unable,1,0,1,0.0
resilience,1,0,1,0.0
confirm,1,0,1,0.0
calmness,1,0,1,0.0
lebanon,1,0,1,0.0
syria,1,0,1,0.0
legendary,1,0,1,0.0
assassination,1,0,1,0.0
enticement,1,0,1,0.0
effectiveness,1,0,1,0.0
toi,1,0,1,0.0
sous,1,0,1,0.0
honte,1,0,1,0.0
criminel,1,0,1,0.0
complice,1,0,1,0.0
palestiniennes,1,0,1,0.0
israéliens,1,0,1,0.0
feu,1,0,1,0.0
colonise,1,0,1,0.0
te,2,0,2,0.0
enfants,1,0,1,0.0
une,1,0,1,0.0
terres,1,0,1,0.0
guerre,1,0,1,0.0
mourir,1,0,1,0.0
condamnes,1,0,1,0.0
civils,1,0,1,0.0
peux,1,0,1,0.0
glace,1,0,1,0.0
regarder,1,0,1,0.0
tu,1,0,1,0.0
cessez,1,0,1,0.0
palestiniens,1,0,1,0.0
bombardements,1,0,1,0.0
faim,1,0,1,0.0
illégalement,1,0,1,0.0
netenyaou,1,0,1,0.0
arrives,1,0,1,0.0
sons,1,1,0,1.0
laptop,1,1,0,1.0
maui,1,1,0,1.0
ohio,1,1,0,1.0
ballon,1,1,0,1.0
dealings,1,1,0,1.0
exit,1,1,0,1.0
airspace,1,1,0,1.0
poster,1,0,1,0.0
goose,1,0,1,0.0
crony,1,0,1,0.0
enabling,1,0,1,0.0
moronic,3,0,3,0.0
inept,1,0,1,0.0
tales,1,0,1,0.0
ancient,1,0,1,0.0
siesta,1,0,1,0.0
bidenz,1,0,1,0.0
hides,1,0,1,0.0
fairy,1,0,1,0.0
insurrectionists,1,1,0,1.0
millwright,1,0,1,0.0
sellers,1,0,1,0.0
reveiw,1,0,1,0.0
reveiwer,1,0,1,0.0
testing,1,0,1,0.0
walk,1,0,1,0.0
kicked,1,0,1,0.0
forget,1,0,1,0.0
stroke,1,0,1,0.0
suing,1,0,1,0.0
tag,1,1,0,1.0
box,1,1,0,1.0
blessed,1,1,0,1.0
promo,1,1,0,1.0
peril,1,0,1,0.0
zionism,1,0,1,0.0
twist,1,0,1,0.0
existential,2,0,2,0.0
german,1,0,1,0.0
period,1,0,1,0.0
racistly,1,0,1,0.0
nazism,1,0,1,0.0
denounced,1,0,1,0.0
malarkey,1,0,1,0.0
league,1,0,1,0.0
ivy,1,0,1,0.0
bankrupting,1,0,1,0.0
fifty,1,0,1,0.0
𝗦𝗼𝗳𝘁𝘄𝗮𝗿𝗲,1,0,1,0.0
𝐅𝐎𝐑,1,0,1,0.0
𝗛𝗮𝗰𝗸,1,0,1,0.0
𝐊𝐈𝐍𝐃,1,0,1,0.0
𝗖𝗿𝗮𝗰𝗸𝗶𝗻𝗴,1,0,1,0.0
𝐌𝐄𝐒𝐒𝐀𝐆𝐄,1,0,1,0.0
𝗕𝗶𝘁𝗰𝗼𝗶𝗻,1,0,1,0.0
𝗪𝗲𝗯𝘀𝗶𝘁𝗲,1,0,1,0.0
𝐎𝐅,1,0,1,0.0
𝐀𝐍𝐘,1,0,1,0.0
𝗧𝗼𝗼𝗹𝘀,1,0,1,0.0
𝗛𝗮𝗰𝗸𝗶𝗻𝗴,1,0,1,0.0
𝗿𝗲𝗰𝗼𝘃𝗲𝗿𝘆,1,0,1,0.0
𝗙𝘂𝗻𝗱𝘀,1,0,1,0.0
𝗘𝘁𝗵𝗲𝗿𝗲𝘂𝗺,1,0,1,0.0
𝐒𝐄𝐑𝐕𝐈𝐂𝐄,1,0,1,0.0
𝗡𝘂𝗺𝗯𝗲𝗿,1,0,1,0.0
𝐌𝐄,1,0,1,0.0
𝗖𝗮𝗺𝗲𝗿𝗮,1,0,1,0.0
𝗔𝘃𝗮𝗶𝗹𝗮𝗯𝗹𝗲,1,0,1,0.0
𝗜𝗽,1,0,1,0.0
𝗧𝗿𝗮𝗰𝗶𝗻𝗴,1,0,1,0.0
𝗙𝗶𝗻𝗱𝗲𝗿,1,0,1,0.0
𝗹𝗼𝗰𝗮𝘁𝗶𝗼𝗻,1,0,1,0.0
𝗔𝗱𝗱𝗿𝗲𝘀𝘀,1,0,1,0.0
crews,1,0,1,0.0
arrests,1,0,1,0.0
unfit,1,0,1,0.0
ambulances,1,0,1,0.0
habitation,1,0,1,0.0
thrown,1,0,1,0.0
nazareth,1,1,0,1.0
closer,1,1,0,1.0
almighty,1,1,0,1.0
christ,1,1,0,1.0
hallelujah,1,1,0,1.0
godly,1,1,0,1.0
spacecraft,1,0,1,0.0
prospect,1,0,1,0.0
nature,1,0,1,0.0
uaps,1,0,1,0.0
extraterrestrial,1,0,1,0.0
nhi,1,0,1,0.0
potentially,1,0,1,0.0
raises,1,0,1,0.0
issues,1,0,1,0.0
witnessing,1,0,1,0.0
psychologically,1,0,1,0.0
scientific,2,0,2,0.0
offtopic,1,0,1,0.0
authorities,1,0,1,0.0
extraordinary,1,0,1,0.0
ufos,1,0,1,0.0
americanilor,1,0,1,0.0
din,1,0,1,0.0
prost,1,0,1,0.0
președinte,1,0,1,0.0
istorie,1,0,1,0.0
cel,1,0,1,0.0
sick,2,0,2,0.0
bragging,1,0,1,0.0
shun,1,0,1,0.0
abu,1,0,1,0.0
colour,1,0,1,0.0
embarrassing,1,0,1,0.0
staged,1,0,1,0.0
abusers,1,0,1,0.0
terrorits,1,0,1,0.0
inflacion,1,1,0,1.0
aport,1,1,0,1.0
weakened,1,0,1,0.0
embarrassed,1,0,1,0.0
jonathan,1,1,0,1.0
pointing,1,1,0,1.0
wolf,1,1,0,1.0
opposite,1,0,1,0.0
enterprise,1,0,1,0.0
convert,1,0,1,0.0
tomato,1,0,1,0.0
cents,1,0,1,0.0
blow,1,0,1,0.0
pound,1,0,1,0.0
proofs,1,0,1,0.0
jump,1,1,0,1.0
labour,1,1,0,1.0
dow,1,1,0,1.0
hollow,1,0,1,0.0
ring,1,0,1,0.0
gladly,1,0,1,0.0
figures,2,0,2,0.0
sheep,1,0,1,0.0
falsely,1,0,1,0.0
controled,1,1,0,1.0
eternity,1,0,1,0.0
degree,1,0,1,0.0
treason,1,0,1,0.0
deviate,1,0,1,0.0
endure,1,0,1,0.0
commenting,1,0,1,0.0
bidennomics,1,1,0,1.0
shortfall,1,0,1,0.0
childeren,1,0,1,0.0
líder,1,1,0,1.0
invert,1,1,0,1.0
economist,1,1,0,1.0
admire,1,1,0,1.0
expects,1,0,1,0.0
purely,1,0,1,0.0
crooks,1,0,1,0.0
momma,1,0,1,0.0
hire,1,0,1,0.0
employed,1,0,1,0.0
several,1,0,1,0.0
stances,1,1,0,1.0
heroic,1,1,0,1.0
moral,1,1,0,1.0
reduced,1,1,0,1.0
flowers,1,1,0,1.0
courageous,1,1,0,1.0
transcendence,1,1,0,1.0
steering,1,1,0,1.0
watchful,1,1,0,1.0
sickens,1,1,0,1.0
rational,1,1,0,1.0
bold,1,1,0,1.0
emerged,1,1,0,1.0
decreased,1,1,0,1.0
unlimited,1,1,0,1.0
optimistic,1,1,0,1.0
victorious,1,1,0,1.0
supportive,1,1,0,1.0
mastered,1,1,0,1.0
era,1,1,0,1.0
art,1,1,0,1.0
captained,1,1,0,1.0
introduction,1,1,0,1.0
ship,1,1,0,1.0
bottleneck,1,1,0,1.0
greeting,1,1,0,1.0
souls,1,1,0,1.0
bloomed,1,1,0,1.0
adhere,1,1,0,1.0
uncover,1,0,1,0.0
spoon,1,0,1,0.0
phenomenon,1,0,1,0.0
smell,1,0,1,0.0
mateen,1,0,1,0.0
predictions,1,0,1,0.0
desire,1,0,1,0.0
flying,1,0,1,0.0
coincided,1,0,1,0.0
melted,1,0,1,0.0
ramadan,1,0,1,0.0
differentiate,1,0,1,0.0
scientists,1,0,1,0.0
shocks,1,0,1,0.0
hindering,1,0,1,0.0
salt,1,0,1,0.0
silenced,1,0,1,0.0
alleged,1,0,1,0.0
crushed,1,0,1,0.0
displease,1,0,1,0.0
flu,1,0,1,0.0
nino,1,0,1,0.0
emit,1,0,1,0.0
cunning,1,0,1,0.0
taste,1,0,1,0.0
afflicted,1,0,1,0.0
distinguish,1,0,1,0.0
refuse,1,0,1,0.0
smog,1,0,1,0.0
smite,1,0,1,0.0
symptom,1,0,1,0.0
tenth,1,0,1,0.0
deception,1,0,1,0.0
gasses,1,0,1,0.0
floods,1,0,1,0.0
warming,1,0,1,0.0
swallowed,1,0,1,0.0
arabs,1,0,1,0.0
forth,1,0,1,0.0
mockery,1,0,1,0.0
symptoms,1,0,1,0.0
infect,1,0,1,0.0
meteorologists,2,0,2,0.0
marine,1,0,1,0.0
shattered,1,0,1,0.0
tasting,1,0,1,0.0
seized,1,0,1,0.0
respite,1,0,1,0.0
speculative,1,0,1,0.0
mouths,1,0,1,0.0
climatic,1,0,1,0.0
stick,1,0,1,0.0
followed,1,0,1,0.0
conjecture,1,0,1,0.0
usual,1,0,1,0.0
warm,1,0,1,0.0
physical,1,0,1,0.0
summarized,1,0,1,0.0
fraudulent,1,0,1,0.0
soil,1,0,1,0.0
snowy,1,0,1,0.0
fumes,1,0,1,0.0
utterly,1,0,1,0.0
mountains,1,0,1,0.0
flaming,1,0,1,0.0
suspect,1,0,1,0.0
sealed,1,0,1,0.0
desired,1,0,1,0.0
influenza,1,0,1,0.0
praiseworthy,1,0,1,0.0
savethechildren,1,1,0,1.0
stopthegenocide,1,1,0,1.0
permanentceasefirenow,1,1,0,1.0
prosecutions,1,1,0,1.0
endisraelsgenocide,2,1,1,0.5
mf,1,0,1,0.0
omg,1,1,0,1.0
sing,1,1,0,1.0
kackler,1,0,1,0.0
ak,1,1,0,1.0
cocktail,1,1,0,1.0
fruit,1,1,0,1.0
disassemble,1,1,0,1.0
afghan,1,1,0,1.0
wild,1,1,0,1.0
identify,1,1,0,1.0
teaching,1,1,0,1.0
recklessly,1,0,1,0.0
pose,1,0,1,0.0
watchlist,1,0,1,0.0
cross,1,0,1,0.0
fun,1,0,1,0.0
visa,1,0,1,0.0
mandino,1,0,1,0.0
uccisi,1,0,1,0.0
sei,1,0,1,0.0
americani,1,0,1,0.0
cui,1,0,1,0.0
aprano,1,0,1,0.0
spero,1,0,1,0.0
sarebbe,1,0,1,0.0
diavolo,1,0,1,0.0
bambini,1,0,1,0.0
palestinesi,1,0,1,0.0
tuo,1,0,1,0.0
tra,1,0,1,0.0
ti,1,0,1,0.0
avesse,1,0,1,0.0
io,1,0,1,0.0
peggior,1,0,1,0.0
occhi,1,0,1,0.0
volto,1,0,1,0.0
bidenterrorist,1,0,1,0.0
americana,1,0,1,0.0
gli,1,0,1,0.0
storia,1,0,1,0.0
mila,1,0,1,0.0
della,1,0,1,0.0
billshxt,1,0,1,0.0
enacting,1,1,0,1.0
golden,2,1,1,0.5
wing,1,1,0,1.0
praises,1,1,0,1.0
tholes,1,1,0,1.0
sh,1,1,0,1.0
lunch,1,1,0,1.0
strategy,1,1,0,1.0
bucket,1,1,0,1.0
agency,1,0,1,0.0
bet,1,0,1,0.0
ive,1,0,1,0.0
commanded,1,0,1,0.0
clarification,1,0,1,0.0
religion,1,0,1,0.0
christians,1,0,1,0.0
mustve,1,0,1,0.0
dope,1,0,1,0.0
stash,1,0,1,0.0
hunters,1,0,1,0.0
spells,1,1,0,1.0
marriage,1,1,0,1.0
render,1,1,0,1.0
banish,1,1,0,1.0
eigbe,1,1,0,1.0
divorce,1,1,0,1.0
promotion,1,1,0,1.0
visit,1,1,0,1.0
often,1,0,1,0.0
wth,1,0,1,0.0
std,1,0,1,0.0
polling,1,0,1,0.0
melting,1,0,1,0.0
jumada,2,0,2,0.0
sweden,1,0,1,0.0
mislead,1,0,1,0.0
goodluck,1,1,0,1.0
vissionary,1,1,0,1.0
fb,1,0,1,0.0
stuffing,1,0,1,0.0
goals,1,0,1,0.0
koreche,1,0,1,0.0
assalamualykum,1,0,1,0.0
sufferur,1,0,1,0.0
parson,1,0,1,0.0
selle,1,0,1,0.0
kigali,6,0,6,0.0
expats,6,0,6,0.0
estate,1,0,1,0.0
property,6,0,6,0.0
mileage,1,1,0,1.0
carefuly,1,0,1,0.0
fe,1,0,1,0.0
unter,1,0,1,0.0
atom,1,1,0,1.0
escalating,1,1,0,1.0
plandemic,2,0,2,0.0
tout,1,0,1,0.0
shaytaan,1,1,0,1.0
settler,1,0,1,0.0
colony,1,0,1,0.0
الدبلوماسيه,1,0,1,0.0
مقدما,1,0,1,0.0
ثانيه,1,0,1,0.0
لدوره,1,0,1,0.0
رئاسيه,1,0,1,0.0
الفارق,1,0,1,0.0
ستصنع,1,0,1,0.0
مبروك,1,0,1,0.0
pants,1,0,1,0.0
bidenocide,1,0,1,0.0
robinette,1,0,1,0.0
crow,1,0,1,0.0
pete,1,0,1,0.0
overstated,1,0,1,0.0
pad,1,0,1,0.0
oppressors,1,0,1,0.0
murdered,2,0,2,0.0
muhammad,1,0,1,0.0
antifa,1,0,1,0.0
listen,1,0,1,0.0
snowflakes,1,0,1,0.0
recognized,1,0,1,0.0
hater,1,0,1,0.0
commies,1,0,1,0.0
libs,1,0,1,0.0
amuses,1,1,0,1.0
ako,1,1,0,1.0
cau,1,1,0,1.0
patriot,1,1,0,1.0
repeated,1,1,0,1.0
malcontent,1,1,0,1.0
لأمريكا,1,0,1,0.0
مهم,1,0,1,0.0
أرض,1,0,1,0.0
اعتراف,1,0,1,0.0
الصومال,1,0,1,0.0
ashes,1,0,1,0.0
shocked,1,0,1,0.0
hallo,1,1,0,1.0
presodent,1,0,1,0.0
dat,1,0,1,0.0
ki̇ller,1,0,1,0.0
medicine,1,0,1,0.0
maniac,1,0,1,0.0
stepdownpolice,1,0,1,0.0
stepdownmodi,1,0,1,0.0
wewantdemocracy,1,0,1,0.0
stepdownhasina,1,0,1,0.0
sociopath,1,0,1,0.0
egotistical,1,0,1,0.0
soundly,1,0,1,0.0
recognize,1,0,1,0.0
thankfully,1,0,1,0.0
hej,1,0,1,0.0
munka,1,0,1,0.0
inch,1,0,1,0.0
stabbing,1,0,1,0.0
knife,1,0,1,0.0
females,1,1,0,1.0
ted,1,0,1,0.0
cleaning,1,0,1,0.0
graham,1,0,1,0.0
demagogue,1,0,1,0.0
advocating,1,0,1,0.0
ans,1,0,1,0.0
lindsey,1,0,1,0.0
lethal,1,0,1,0.0
arming,1,0,1,0.0
nikki,1,0,1,0.0
halley,1,0,1,0.0
tökéletes,1,1,0,1.0
nigeria,1,1,0,1.0
transformation,1,1,0,1.0
manufacture,1,1,0,1.0
swear,1,0,1,0.0
palastain,1,1,0,1.0
conscience,1,0,1,0.0
gaslighter,1,1,0,1.0
spiral,1,0,1,0.0
tackle,1,0,1,0.0
pet,1,0,1,0.0
vp,1,0,1,0.0
yep,1,0,1,0.0
useless,1,0,1,0.0
ii,1,0,1,0.0
